X	Y	idxAnalysis	StdDev	Bead	status_frame	status_nUp	iF	iS	iB_inFrame	bestStd	Zr	Neighbour_L	Neighbour_R	iField
194.423	306.932	0	3405.369	<BeadTracker.Bead object at 0x000002EBC8269AF0>	1.0	1	0	0	1	False	168.0	M450	M450	0
194.344	306.682	0	5552.39	<BeadTracker.Bead object at 0x000002EBC1F1B250>	2.0	1	1	1	1	True	168.0	M450	M450	1
194.326	306.564	0	8516.101	<BeadTracker.Bead object at 0x000002EBC1F1B6A0>	3.0	1	2	2	2	False	168.0	M450	M450	2
194.304	307.197	0	3405.392	<BeadTracker.Bead object at 0x000002EBC1F1BBB0>	1.0	2	3	3	1	False	166.0	M450	M450	3
194.252	306.872	0	5506.439	<BeadTracker.Bead object at 0x000002EBC0BA22E0>	2.0	2	4	4	1	True	166.0	M450	M450	4
194.162	306.784	0	8500.792	<BeadTracker.Bead object at 0x000002EBC0BA2BE0>	3.0	2	5	5	2	False	166.0	M450	M450	5
194.005	307.094	0	3435.92	<BeadTracker.Bead object at 0x000002EBBE582C10>	1.0	3	6	6	1	False	161.0	M450	M450	6
194.114	306.779	0	5606.533	<BeadTracker.Bead object at 0x000002EBBE582D30>	2.0	3	7	7	1	True	161.0	M450	M450	7
193.905	306.877	0	8594.56	<BeadTracker.Bead object at 0x000002EBC147F670>	3.0	3	8	8	2	False	161.0	M450	M450	8
193.98	307.349	0	3486.974	<BeadTracker.Bead object at 0x000002EBC147F550>	1.0	4	9	9	1	False	161.0	M450	M450	9
194.132	307.038	0	5741.232	<BeadTracker.Bead object at 0x000002EBC7F7AD60>	2.0	4	10	10	1	True	161.0	M450	M450	10
193.88	306.867	0	8725.921	<BeadTracker.Bead object at 0x000002EBC7F7A700>	3.0	4	11	11	2	False	161.0	M450	M450	11
194.07	307.161	0	3529.543	<BeadTracker.Bead object at 0x000002EBC7F7AB20>	1.0	5	12	12	1	False	142.0	M450	M450	12
194.062	307.091	0	5769.44	<BeadTracker.Bead object at 0x000002EBC07136D0>	2.0	5	13	13	1	True	142.0	M450	M450	13
193.909	306.902	0	8838.628	<BeadTracker.Bead object at 0x000002EBC0713310>	3.0	5	14	14	2	False	142.0	M450	M450	14
194.182	307.501	0	3536.788	<BeadTracker.Bead object at 0x000002EBC1141A30>	1.0	6	15	15	1	False	140.0	M450	M450	15
194.061	307.127	0	5775.309	<BeadTracker.Bead object at 0x000002EBC1141220>	2.0	6	16	16	2	True	140.0	M450	M450	16
194.016	306.964	0	8810.408	<BeadTracker.Bead object at 0x000002EBC038C040>	3.0	6	17	17	2	False	140.0	M450	M450	17
193.862	307.03	1	7102.955	<BeadTracker.Bead object at 0x000002EBC038CD90>	0.0	0	18	18	2	True	180.0	M450	M450	18
194.088	306.932	1	6003.296	<BeadTracker.Bead object at 0x000002EBC7F6C400>	0.0	0	19	19	1	True	220.0	M450	M450	19
194.127	306.9	1	5738.236	<BeadTracker.Bead object at 0x000002EBC7F6C910>	0.0	0	20	20	1	True	260.0	M450	M450	20
194.227	306.756	1	5644.8	<BeadTracker.Bead object at 0x000002EBC26FE610>	0.0	0	21	21	1	True	299.0	M450	M450	21
194.262	306.765	1	5616.278	<BeadTracker.Bead object at 0x000002EBC26FEEE0>	0.0	0	22	22	1	True	299.0	M450	M450	22
194.213	306.832	1	5621.281	<BeadTracker.Bead object at 0x000002EBC28FB370>	0.0	0	23	23	1	True	298.0	M450	M450	23
194.237	306.825	1	5664.317	<BeadTracker.Bead object at 0x000002EBC28FBCD0>	0.0	0	24	24	1	True	298.0	M450	M450	24
194.269	306.759	1	5635.291	<BeadTracker.Bead object at 0x000002EBCF004B50>	0.0	0	25	25	1	True	298.0	M450	M450	25
194.286	306.731	1	5624.113	<BeadTracker.Bead object at 0x000002EBCF004A30>	0.0	0	26	26	1	True	301.0	M450	M450	26
194.265	306.682	1	5641.275	<BeadTracker.Bead object at 0x000002EBC15A20A0>	0.0	0	27	27	1	True	299.0	M450	M450	27
194.233	306.676	1	5670.122	<BeadTracker.Bead object at 0x000002EBC15A2B20>	0.0	0	28	28	1	True	298.0	M450	M450	28
194.242	306.754	1	5712.412	<BeadTracker.Bead object at 0x000002EBC2D2A8B0>	0.0	0	29	29	1	True	296.0	M450	M450	29
194.205	306.814	1	5686.11	<BeadTracker.Bead object at 0x000002EBC2D2ABE0>	0.0	0	30	30	1	True	297.0	M450	M450	30
194.257	306.817	1	5688.824	<BeadTracker.Bead object at 0x000002EBC2D2A520>	0.0	0	31	31	1	True	297.0	M450	M450	31
194.178	306.898	1	5738.013	<BeadTracker.Bead object at 0x000002EBC2ECD370>	0.0	0	32	32	1	True	296.0	M450	M450	32
194.191	306.887	1	5729.337	<BeadTracker.Bead object at 0x000002EBC2ECD940>	0.0	0	33	33	1	True	295.0	M450	M450	33
194.153	306.941	1	5735.647	<BeadTracker.Bead object at 0x000002EBCBE51B50>	0.0	0	34	34	1	True	295.0	M450	M450	34
194.121	306.924	1	5755.452	<BeadTracker.Bead object at 0x000002EBCBE51670>	0.0	0	35	35	1	True	295.0	M450	M450	35
194.131	307.031	1	5759.192	<BeadTracker.Bead object at 0x000002EBC2665BB0>	0.0	0	36	36	1	True	295.0	M450	M450	36
194.138	307.136	1	5759.124	<BeadTracker.Bead object at 0x000002EBC2665790>	0.0	0	37	37	2	True	294.0	M450	M450	37
194.05	307.215	1	5805.966	<BeadTracker.Bead object at 0x000002EBC2065280>	0.0	0	38	38	2	True	294.0	M450	M450	38
194.034	307.254	1	5861.265	<BeadTracker.Bead object at 0x000002EBC2065F10>	0.0	0	39	39	2	True	293.0	M450	M450	39
194.028	307.318	1	5872.483	<BeadTracker.Bead object at 0x000002EBBE5CF8E0>	0.0	0	40	40	2	True	293.0	M450	M450	40
194.002	307.364	1	5915.226	<BeadTracker.Bead object at 0x000002EBBE5CFD00>	0.0	0	41	41	2	True	292.0	M450	M450	41
193.99	307.431	1	5888.894	<BeadTracker.Bead object at 0x000002EBBE592FA0>	0.0	0	42	42	2	True	292.0	M450	M450	42
193.938	307.45	1	5943.176	<BeadTracker.Bead object at 0x000002EBBE592670>	0.0	0	43	43	2	True	291.0	M450	M450	43
193.989	307.386	1	5968.078	<BeadTracker.Bead object at 0x000002EBC2836910>	0.0	0	44	44	2	True	290.0	M450	M450	44
193.951	307.397	1	6007.914	<BeadTracker.Bead object at 0x000002EBC2836A60>	0.0	0	45	45	2	True	290.0	M450	M450	45
193.919	307.416	1	6046.58	<BeadTracker.Bead object at 0x000002EBBE6C8730>	0.0	0	46	46	2	True	290.0	M450	M450	46
193.85	307.425	1	6078.259	<BeadTracker.Bead object at 0x000002EBBE6C8D00>	0.0	0	47	47	2	True	289.0	M450	M450	47
193.883	307.484	1	6057.564	<BeadTracker.Bead object at 0x000002EBBE6C8640>	0.0	0	48	48	2	True	290.0	M450	M450	48
193.799	307.518	1	6127.715	<BeadTracker.Bead object at 0x000002EBC300FC70>	0.0	0	49	49	2	True	285.0	M450	M450	49
193.767	307.494	1	6227.969	<BeadTracker.Bead object at 0x000002EBC300FFD0>	0.0	0	50	50	2	True	287.0	M450	M450	50
193.725	307.568	1	6265.562	<BeadTracker.Bead object at 0x000002EBC25A18E0>	0.0	0	51	51	2	True	280.0	M450	M450	51
193.67	307.62	1	6258.554	<BeadTracker.Bead object at 0x000002EBC25A16D0>	0.0	0	52	52	2	True	281.0	M450	M450	52
193.607	307.862	1	6320.08	<BeadTracker.Bead object at 0x000002EBC03A4430>	0.0	0	53	53	2	True	278.0	M450	M450	53
193.592	308.09	1	6350.811	<BeadTracker.Bead object at 0x000002EBC03A4EB0>	0.0	0	54	54	2	True	277.0	M450	M450	54
193.525	308.177	1	6382.067	<BeadTracker.Bead object at 0x000002EBBC8193A0>	0.0	0	55	55	2	True	276.0	M450	M450	55
193.468	308.258	1	6441.049	<BeadTracker.Bead object at 0x000002EBBE688DC0>	0.0	0	56	56	2	True	273.0	M450	M450	56
193.461	308.378	1	6463.719	<BeadTracker.Bead object at 0x000002EBBE6880D0>	0.0	0	57	57	2	True	273.0	M450	M450	57
193.397	308.289	1	6512.572	<BeadTracker.Bead object at 0x000002EBBE73B1F0>	0.0	0	58	58	2	True	273.0	M450	M450	58
193.359	308.468	1	6566.454	<BeadTracker.Bead object at 0x000002EBBE73BB80>	0.0	0	59	59	2	True	272.0	M450	M450	59
193.284	308.542	1	6597.499	<BeadTracker.Bead object at 0x000002EBBE799E20>	0.0	0	60	60	2	True	275.0	M450	M450	60
193.184	308.601	1	6687.942	<BeadTracker.Bead object at 0x000002EBBE799220>	0.0	0	61	61	2	True	271.0	M450	M450	61
193.146	308.645	1	6704.901	<BeadTracker.Bead object at 0x000002EBBE749BB0>	0.0	0	62	62	2	True	272.0	M450	M450	62
193.126	308.567	1	6705.197	<BeadTracker.Bead object at 0x000002EBBE749070>	0.0	0	63	63	2	True	271.0	M450	M450	63
193.036	308.7	1	6737.372	<BeadTracker.Bead object at 0x000002EBBE7497F0>	0.0	0	64	64	2	True	271.0	M450	M450	64
192.962	308.632	1	6804.198	<BeadTracker.Bead object at 0x000002EBBE5AED30>	0.0	0	65	65	2	True	268.0	M450	M450	65
192.85	308.56	1	6815.732	<BeadTracker.Bead object at 0x000002EBBE5AE970>	0.0	0	66	66	2	True	269.0	M450	M450	66
192.76	308.6	1	6869.268	<BeadTracker.Bead object at 0x000002EBC8701070>	0.0	0	67	67	2	True	263.0	M450	M450	67
192.723	308.612	1	6929.706	<BeadTracker.Bead object at 0x000002EBC87019D0>	0.0	0	68	68	2	True	264.0	M450	M450	68
192.681	308.544	1	6915.297	<BeadTracker.Bead object at 0x000002EBC2587CD0>	0.0	0	69	69	2	True	264.0	M450	M450	69
192.581	308.497	1	6955.774	<BeadTracker.Bead object at 0x000002EBC2587850>	0.0	0	70	70	2	True	266.0	M450	M450	70
192.507	308.465	1	7047.392	<BeadTracker.Bead object at 0x000002EBBFAA9BE0>	0.0	0	71	71	2	True	265.0	M450	M450	71
192.485	308.438	1	7052.24	<BeadTracker.Bead object at 0x000002EBBFAA94C0>	0.0	0	72	72	2	True	257.0	M450	M450	72
192.395	308.396	1	7122.873	<BeadTracker.Bead object at 0x000002EBBE54FA30>	0.0	0	73	73	2	True	255.0	M450	M450	73
192.34	308.335	1	7211.687	<BeadTracker.Bead object at 0x000002EBBE54F610>	0.0	0	74	74	2	True	253.0	M450	M450	74
192.284	308.293	1	7236.801	<BeadTracker.Bead object at 0x000002EBC298DDC0>	0.0	0	75	75	2	True	254.0	M450	M450	75
192.181	308.206	1	7317.001	<BeadTracker.Bead object at 0x000002EBC298D880>	0.0	0	76	76	2	True	252.0	M450	M450	76
192.094	308.072	1	7399.556	<BeadTracker.Bead object at 0x000002EBC298DD90>	0.0	0	77	77	2	True	251.0	M450	M450	77
192.032	308.24	1	7419.09	<BeadTracker.Bead object at 0x000002EBC87030D0>	0.0	0	78	78	2	True	250.0	M450	M450	78
192.009	308.195	1	7486.869	<BeadTracker.Bead object at 0x000002EBC8703FA0>	0.0	0	79	79	2	True	248.0	M450	M450	79
191.946	308.092	1	7578.1	<BeadTracker.Bead object at 0x000002EBC0B2AF40>	0.0	0	80	80	2	True	248.0	M450	M450	80
191.904	308.041	1	7610.18	<BeadTracker.Bead object at 0x000002EBC0B2AD30>	0.0	0	81	81	2	True	246.0	M450	M450	81
191.848	308.162	1	7620.541	<BeadTracker.Bead object at 0x000002EBCAC5F2E0>	0.0	0	82	82	2	True	245.0	M450	M450	82
191.874	307.951	1	7681.178	<BeadTracker.Bead object at 0x000002EBCAC5F670>	0.0	0	83	83	2	True	245.0	M450	M450	83
191.807	308.036	1	7664.626	<BeadTracker.Bead object at 0x000002EBBE6D4910>	0.0	0	84	84	2	True	245.0	M450	M450	84
191.803	308.244	1	7672.359	<BeadTracker.Bead object at 0x000002EBBE6D4730>	0.0	0	85	85	2	True	244.0	M450	M450	85
191.801	308.314	1	7656.805	<BeadTracker.Bead object at 0x000002EBC2E26580>	0.0	0	86	86	2	True	246.0	M450	M450	86
191.8	308.348	1	7649.255	<BeadTracker.Bead object at 0x000002EBC2E26820>	0.0	0	87	87	2	True	245.0	M450	M450	87
191.826	308.571	1	7619.344	<BeadTracker.Bead object at 0x000002EBC2E26880>	0.0	0	88	88	2	True	247.0	M450	M450	88
191.816	308.704	1	7658.044	<BeadTracker.Bead object at 0x000002EBCB0D82E0>	0.0	0	89	89	2	True	247.0	M450	M450	89
191.845	308.758	1	7618.323	<BeadTracker.Bead object at 0x000002EBCB0D8940>	0.0	0	90	90	2	True	246.0	M450	M450	90
191.842	308.794	1	7564.58	<BeadTracker.Bead object at 0x000002EBC8249220>	0.0	0	91	91	2	True	248.0	M450	M450	91
191.823	308.917	1	7529.924	<BeadTracker.Bead object at 0x000002EBC8249BE0>	0.0	0	92	92	2	True	248.0	M450	M450	92
191.849	308.99	1	7518.367	<BeadTracker.Bead object at 0x000002EBBDA99190>	0.0	0	93	93	2	True	248.0	M450	M450	93
191.807	309.163	1	7463.855	<BeadTracker.Bead object at 0x000002EBBDA996A0>	0.0	0	94	94	2	True	249.0	M450	M450	94
191.83	309.103	1	7490.179	<BeadTracker.Bead object at 0x000002EBBE7FCA00>	0.0	0	95	95	2	True	250.0	M450	M450	95
191.857	309.168	1	7403.839	<BeadTracker.Bead object at 0x000002EBC285CD30>	0.0	0	96	96	2	True	250.0	M450	M450	96
191.907	309.253	1	7363.399	<BeadTracker.Bead object at 0x000002EBC285C700>	0.0	0	97	97	2	True	251.0	M450	M450	97
191.911	309.268	1	7327.875	<BeadTracker.Bead object at 0x000002EBC7CE0880>	0.0	0	98	98	2	True	252.0	M450	M450	98
191.938	309.464	1	7291.163	<BeadTracker.Bead object at 0x000002EBC7CE0250>	0.0	0	99	99	2	True	252.0	M450	M450	99
191.925	309.475	1	7290.749	<BeadTracker.Bead object at 0x000002EBBE658760>	0.0	0	100	100	2	True	253.0	M450	M450	100
191.953	309.396	1	7289.967	<BeadTracker.Bead object at 0x000002EBBE658940>	0.0	0	101	101	2	True	253.0	M450	M450	101
192.005	309.504	1	7259.714	<BeadTracker.Bead object at 0x000002EBC7CEF070>	0.0	0	102	102	2	True	257.0	M450	M450	102
192.019	309.431	1	7227.125	<BeadTracker.Bead object at 0x000002EBC7CEFDC0>	0.0	0	103	103	2	True	254.0	M450	M450	103
191.993	309.508	1	7206.651	<BeadTracker.Bead object at 0x000002EBBFA2EEE0>	0.0	0	104	104	2	True	258.0	M450	M450	104
192.09	309.516	1	7172.737	<BeadTracker.Bead object at 0x000002EBBFA2EE20>	0.0	0	105	105	2	True	258.0	M450	M450	105
192.122	309.532	1	7115.993	<BeadTracker.Bead object at 0x000002EBBFA2E2B0>	0.0	0	106	106	2	True	259.0	M450	M450	106
192.152	309.617	1	7129.167	<BeadTracker.Bead object at 0x000002EBC7D074C0>	0.0	0	107	107	2	True	259.0	M450	M450	107
192.223	309.587	1	7089.727	<BeadTracker.Bead object at 0x000002EBC7D073D0>	0.0	0	108	108	2	True	259.0	M450	M450	108
192.256	309.622	1	7047.024	<BeadTracker.Bead object at 0x000002EBBFAE4370>	0.0	0	109	109	2	True	260.0	M450	M450	109
192.265	309.63	1	7060.989	<BeadTracker.Bead object at 0x000002EBBFAE4670>	0.0	0	110	110	2	True	260.0	M450	M450	110
192.356	309.554	1	6974.083	<BeadTracker.Bead object at 0x000002EBBE772AC0>	0.0	0	111	111	2	True	262.0	M450	M450	111
192.37	309.609	1	6923.169	<BeadTracker.Bead object at 0x000002EBBE772F70>	0.0	0	112	112	2	True	262.0	M450	M450	112
192.411	309.704	1	6921.37	<BeadTracker.Bead object at 0x000002EBC088ADC0>	0.0	0	113	113	2	True	262.0	M450	M450	113
192.488	309.611	1	6876.588	<BeadTracker.Bead object at 0x000002EBC088A820>	0.0	0	114	114	2	True	263.0	M450	M450	114
192.559	309.595	1	6762.223	<BeadTracker.Bead object at 0x000002EBC088A3D0>	0.0	0	115	115	2	True	270.0	M450	M450	115
192.551	309.418	1	6793.703	<BeadTracker.Bead object at 0x000002EBC07535B0>	0.0	0	116	116	2	True	268.0	M450	M450	116
192.637	309.413	1	6731.654	<BeadTracker.Bead object at 0x000002EBC07538B0>	0.0	0	117	117	2	True	270.0	M450	M450	117
192.587	309.412	1	6749.022	<BeadTracker.Bead object at 0x000002EBC4C756A0>	0.0	0	118	118	2	True	269.0	M450	M450	118
192.647	309.479	1	6701.787	<BeadTracker.Bead object at 0x000002EBC4C75FA0>	0.0	0	119	119	2	True	271.0	M450	M450	119
192.635	309.501	1	6660.514	<BeadTracker.Bead object at 0x000002EBC267B6D0>	0.0	0	120	120	2	True	274.0	M450	M450	120
192.725	309.313	1	6629.027	<BeadTracker.Bead object at 0x000002EBC267B130>	0.0	0	121	121	2	True	271.0	M450	M450	121
192.763	309.27	1	6593.871	<BeadTracker.Bead object at 0x000002EBC4C71D60>	0.0	0	122	122	2	True	272.0	M450	M450	122
192.805	309.29	1	6539.839	<BeadTracker.Bead object at 0x000002EBC4C71730>	0.0	0	123	123	2	True	272.0	M450	M450	123
192.856	309.206	1	6450.447	<BeadTracker.Bead object at 0x000002EBC2A0EEE0>	0.0	0	124	124	2	True	274.0	M450	M450	124
192.823	309.222	1	6476.799	<BeadTracker.Bead object at 0x000002EBC2A0E550>	0.0	0	125	125	2	True	274.0	M450	M450	125
192.874	309.232	1	6413.208	<BeadTracker.Bead object at 0x000002EBC2A0E880>	0.0	0	126	126	2	True	275.0	M450	M450	126
192.879	309.242	1	6404.381	<BeadTracker.Bead object at 0x000002EBC4CEAF70>	0.0	0	127	127	2	True	275.0	M450	M450	127
192.876	309.124	1	6367.422	<BeadTracker.Bead object at 0x000002EBC4CEAEB0>	0.0	0	128	128	2	True	276.0	M450	M450	128
192.923	309.002	1	6345.137	<BeadTracker.Bead object at 0x000002EBC879F1C0>	0.0	0	129	129	2	True	277.0	M450	M450	129
192.94	309.023	1	6320.498	<BeadTracker.Bead object at 0x000002EBC879FB80>	0.0	0	130	130	2	True	277.0	M450	M450	130
192.98	308.895	1	6312.731	<BeadTracker.Bead object at 0x000002EBC8702BE0>	0.0	0	131	131	2	True	278.0	M450	M450	131
192.987	308.831	1	6282.299	<BeadTracker.Bead object at 0x000002EBC87024F0>	0.0	0	132	132	2	True	279.0	M450	M450	132
192.973	308.772	1	6266.064	<BeadTracker.Bead object at 0x000002EBC87026A0>	0.0	0	133	133	2	True	279.0	M450	M450	133
192.964	308.862	1	6260.241	<BeadTracker.Bead object at 0x000002EBC8684940>	0.0	0	134	134	2	True	280.0	M450	M450	134
193.005	308.647	1	6229.365	<BeadTracker.Bead object at 0x000002EBC8684580>	0.0	0	135	135	2	True	281.0	M450	M450	135
193.037	308.716	1	6184.115	<BeadTracker.Bead object at 0x000002EBC7413070>	0.0	0	136	136	2	True	284.0	M450	M450	136
193.018	308.672	1	6211.352	<BeadTracker.Bead object at 0x000002EBC7413400>	0.0	0	137	137	2	True	282.0	M450	M450	137
193.029	308.572	1	6192.791	<BeadTracker.Bead object at 0x000002EBC1147E50>	0.0	0	138	138	2	True	283.0	M450	M450	138
193.1	308.529	1	6161.969	<BeadTracker.Bead object at 0x000002EBC1147940>	0.0	0	139	139	2	True	285.0	M450	M450	139
193.097	308.276	1	6163.318	<BeadTracker.Bead object at 0x000002EBC7429130>	0.0	0	140	140	2	True	281.0	M450	M450	140
193.157	308.375	1	6119.035	<BeadTracker.Bead object at 0x000002EBC7429460>	0.0	0	141	141	2	True	287.0	M450	M450	141
193.126	308.33	1	6133.381	<BeadTracker.Bead object at 0x000002EBC7429EB0>	0.0	0	142	142	2	True	287.0	M450	M450	142
193.209	308.166	1	6099.203	<BeadTracker.Bead object at 0x000002EBC7415430>	0.0	0	143	143	2	True	286.0	M450	M450	143
193.285	308.25	1	6024.795	<BeadTracker.Bead object at 0x000002EBC7415A90>	0.0	0	144	144	2	True	289.0	M450	M450	144
193.264	308.162	1	6090.51	<BeadTracker.Bead object at 0x000002EBC7437EB0>	0.0	0	145	145	2	True	286.0	M450	M450	145
193.284	308.162	1	6049.934	<BeadTracker.Bead object at 0x000002EBC7437880>	0.0	0	146	146	2	True	286.0	M450	M450	146
193.331	307.932	1	6031.862	<BeadTracker.Bead object at 0x000002EBC1F4D730>	0.0	0	147	147	1	True	287.0	M450	M450	147
193.309	307.969	1	6034.17	<BeadTracker.Bead object at 0x000002EBC4C437C0>	0.0	0	148	148	2	True	286.0	M450	M450	148
193.352	307.834	1	6056.16	<BeadTracker.Bead object at 0x000002EBC8F4AA00>	0.0	0	149	149	2	True	286.0	M450	M450	149
193.368	307.874	1	6039.483	<BeadTracker.Bead object at 0x000002EBC8F4A370>	0.0	0	150	150	2	True	286.0	M450	M450	150
193.391	308.697	0	3783.844	<BeadTracker.Bead object at 0x000002EBC8F40160>	1.0	7	151	151	1	False	247.0	M450	M450	151
193.401	308.404	0	6157.669	<BeadTracker.Bead object at 0x000002EBC8F409D0>	2.0	7	152	152	2	True	247.0	M450	M450	152
193.306	308.365	0	9219.458	<BeadTracker.Bead object at 0x000002EBC8675220>	3.0	7	153	153	2	False	247.0	M450	M450	153
193.344	308.63	0	3806.714	<BeadTracker.Bead object at 0x000002EBC8675AF0>	1.0	8	154	154	1	False	208.0	M450	M450	154
193.457	308.397	0	6209.267	<BeadTracker.Bead object at 0x000002EBC86A0D00>	2.0	8	155	155	2	True	208.0	M450	M450	155
193.294	308.37	0	9198.67	<BeadTracker.Bead object at 0x000002EBC86A0700>	3.0	8	156	156	2	False	208.0	M450	M450	156
193.46	308.436	0	3825.727	<BeadTracker.Bead object at 0x000002EBC86A04C0>	1.0	9	157	157	1	False	171.0	M450	M450	157
193.516	308.217	0	6290.075	<BeadTracker.Bead object at 0x000002EBC8F28550>	2.0	9	158	158	2	True	171.0	M450	M450	158
193.304	308.007	0	9352.711	<BeadTracker.Bead object at 0x000002EBC8F28E20>	3.0	9	159	159	2	False	171.0	M450	M450	159
193.532	308.228	0	3908.499	<BeadTracker.Bead object at 0x000002EBC8F28460>	1.0	10	160	160	1	False	133.0	M450	M450	160
193.47	308.103	0	6354.803	<BeadTracker.Bead object at 0x000002EBC3004A00>	2.0	10	161	161	2	True	133.0	M450	M450	161
193.326	307.961	0	9377.43	<BeadTracker.Bead object at 0x000002EBC3004A30>	3.0	10	162	162	2	False	133.0	M450	M450	162
193.479	308.254	0	3871.727	<BeadTracker.Bead object at 0x000002EBC868F8B0>	1.0	11	163	163	1	False	121.0	M450	M450	163
193.332	308.127	0	6368.701	<BeadTracker.Bead object at 0x000002EBC868F400>	2.0	11	164	164	2	True	121.0	M450	M450	164
193.288	308.039	0	9416.704	<BeadTracker.Bead object at 0x000002EBC8697580>	3.0	11	165	165	2	False	121.0	M450	M450	165
193.364	308.338	0	3933.024	<BeadTracker.Bead object at 0x000002EBC8697CD0>	1.0	12	166	166	1	False	121.0	M450	M450	166
193.293	308.12	0	6457.758	<BeadTracker.Bead object at 0x000002EBC869CF10>	2.0	12	167	167	2	True	121.0	M450	M450	167
193.196	307.989	0	9490.039	<BeadTracker.Bead object at 0x000002EBC869C160>	3.0	12	168	168	2	False	121.0	M450	M450	168
193.339	308.219	0	4102.7	<BeadTracker.Bead object at 0x000002EBC869C640>	1.0	13	170	170	1	False	118.0	M450	M450	170
193.467	307.939	0	6612.522	<BeadTracker.Bead object at 0x000002EBCAC2B610>	2.0	13	171	171	2	True	118.0	M450	M450	171
193.174	307.881	0	9667.401	<BeadTracker.Bead object at 0x000002EBCAC2B310>	3.0	13	172	172	2	False	118.0	M450	M450	172
193.249	308.018	0	4160.105	<BeadTracker.Bead object at 0x000002EBC4CD1820>	1.0	14	173	173	1	False	118.0	M450	M450	173
193.326	307.878	0	6774.783	<BeadTracker.Bead object at 0x000002EBC4CD1550>	2.0	14	174	174	2	True	118.0	M450	M450	174
193.116	307.906	0	9818.808	<BeadTracker.Bead object at 0x000002EBC8F5E0A0>	3.0	14	175	175	2	False	118.0	M450	M450	175
193.381	307.956	0	4198.048	<BeadTracker.Bead object at 0x000002EBC8F5EA90>	1.0	15	176	176	1	False	120.0	M450	M450	176
193.376	307.912	0	6799.823	<BeadTracker.Bead object at 0x000002EBC7F1A190>	2.0	15	177	177	2	True	120.0	M450	M450	177
193.168	307.736	0	9878.797	<BeadTracker.Bead object at 0x000002EBC7F1ADF0>	3.0	15	178	178	2	False	120.0	M450	M450	178
193.352	307.985	0	4227.85	<BeadTracker.Bead object at 0x000002EBC7F1A310>	1.0	16	179	179	1	False	115.0	M450	M450	179
193.255	307.808	0	6783.949	<BeadTracker.Bead object at 0x000002EBC2565A90>	2.0	16	180	180	2	True	115.0	M450	M450	180
193.138	307.693	0	9894.118	<BeadTracker.Bead object at 0x000002EBC2565130>	3.0	16	181	181	2	False	115.0	M450	M450	181
193.318	307.823	0	4221.851	<BeadTracker.Bead object at 0x000002EBC7945C10>	1.0	17	182	182	1	False	117.0	M450	M450	182
193.192	307.688	0	6850.646	<BeadTracker.Bead object at 0x000002EBC7945310>	2.0	17	183	183	1	True	117.0	M450	M450	183
193.185	307.236	0	9819.012	<BeadTracker.Bead object at 0x000002EBC7945A30>	3.0	17	184	184	2	False	117.0	M450	M450	184
193.266	307.562	0	4221.671	<BeadTracker.Bead object at 0x000002EBBE4E1FD0>	1.0	18	185	185	1	False	115.0	M450	M450	185
193.151	307.256	0	6827.878	<BeadTracker.Bead object at 0x000002EBBE4E10A0>	2.0	18	186	186	1	True	115.0	M450	M450	186
192.821	307.287	0	9866.778	<BeadTracker.Bead object at 0x000002EBBE4E0A60>	3.0	18	187	187	2	False	115.0	M450	M450	187
192.8	307.109	2	8186.415	<BeadTracker.Bead object at 0x000002EBBE4E0A30>	0.0	0	188	188	2	True	155.0	M450	M450	188
192.939	306.923	2	7119.597	<BeadTracker.Bead object at 0x000002EBBE4D92E0>	0.0	0	189	189	1	True	195.0	M450	M450	189
193.102	306.764	2	6788.496	<BeadTracker.Bead object at 0x000002EBBE4D98E0>	0.0	0	190	190	1	True	235.0	M450	M450	190
193.25	306.813	2	6628.373	<BeadTracker.Bead object at 0x000002EBBE4D9160>	0.0	0	191	191	1	True	273.0	M450	M450	191
193.354	306.82	2	6627.022	<BeadTracker.Bead object at 0x000002EBC2F64B20>	0.0	0	192	192	1	True	273.0	M450	M450	192
193.371	306.857	2	6639.529	<BeadTracker.Bead object at 0x000002EBC2F64340>	0.0	0	193	193	1	True	272.0	M450	M450	193
193.38	306.876	2	6639.281	<BeadTracker.Bead object at 0x000002EBC25F9D60>	0.0	0	194	194	1	True	272.0	M450	M450	194
193.456	306.79	2	6635.84	<BeadTracker.Bead object at 0x000002EBC25F9730>	0.0	0	195	195	1	True	272.0	M450	M450	195
193.394	306.832	2	6632.299	<BeadTracker.Bead object at 0x000002EBC28A0100>	0.0	0	196	196	1	True	273.0	M450	M450	196
193.417	306.992	2	6646.577	<BeadTracker.Bead object at 0x000002EBC28A00D0>	0.0	0	197	197	1	True	270.0	M450	M450	197
193.381	307.037	2	6666.851	<BeadTracker.Bead object at 0x000002EBC28A09D0>	0.0	0	198	198	1	True	271.0	M450	M450	198
193.37	307.159	2	6684.72	<BeadTracker.Bead object at 0x000002EBBE4DFF70>	0.0	0	199	199	1	True	269.0	M450	M450	199
193.334	307.176	2	6713.734	<BeadTracker.Bead object at 0x000002EBBE4DFD30>	0.0	0	200	200	1	True	269.0	M450	M450	200
193.36	307.1	2	6736.295	<BeadTracker.Bead object at 0x000002EBC0F17280>	0.0	0	201	201	1	True	269.0	M450	M450	201
193.357	307.211	2	6740.285	<BeadTracker.Bead object at 0x000002EBC0F17C10>	0.0	0	202	202	1	True	268.0	M450	M450	202
193.323	307.203	2	6782.549	<BeadTracker.Bead object at 0x000002EBBE4DE5E0>	0.0	0	203	203	1	True	268.0	M450	M450	203
193.292	307.223	2	6749.333	<BeadTracker.Bead object at 0x000002EBBE4DE1F0>	0.0	0	204	204	1	True	269.0	M450	M450	204
193.28	307.299	2	6816.63	<BeadTracker.Bead object at 0x000002EBBE4DE0A0>	0.0	0	205	205	1	True	267.0	M450	M450	205
193.305	307.397	2	6805.278	<BeadTracker.Bead object at 0x000002EBC0F41550>	0.0	0	206	206	1	True	268.0	M450	M450	206
193.229	307.62	2	6842.513	<BeadTracker.Bead object at 0x000002EBC0F41910>	0.0	0	207	207	1	True	267.0	M450	M450	207
193.189	307.791	2	6903.025	<BeadTracker.Bead object at 0x000002EBC0716280>	0.0	0	208	208	2	True	264.0	M450	M450	208
193.163	307.753	2	6925.248	<BeadTracker.Bead object at 0x000002EBC0716C10>	0.0	0	209	209	2	True	264.0	M450	M450	209
193.121	307.707	2	6930.595	<BeadTracker.Bead object at 0x000002EBC0F2DB80>	0.0	0	210	210	2	True	263.0	M450	M450	210
193.058	307.865	2	6914.458	<BeadTracker.Bead object at 0x000002EBC0F2D580>	0.0	0	211	211	2	True	264.0	M450	M450	211
193.014	307.932	2	6994.619	<BeadTracker.Bead object at 0x000002EBC28B47C0>	0.0	0	212	212	2	True	261.0	M450	M450	212
192.959	308.07	2	7043.866	<BeadTracker.Bead object at 0x000002EBC28B4280>	0.0	0	213	213	2	True	260.0	M450	M450	213
192.968	308.101	2	7054.588	<BeadTracker.Bead object at 0x000002EBC4D76640>	0.0	0	214	214	2	True	258.0	M450	M450	214
193.047	308.267	2	7147.373	<BeadTracker.Bead object at 0x000002EBBE6801F0>	0.0	0	215	215	2	True	256.0	M450	M450	215
193.068	308.2	2	7131.466	<BeadTracker.Bead object at 0x000002EBBE680AF0>	0.0	0	216	216	2	True	257.0	M450	M450	216
193.068	308.269	2	7158.854	<BeadTracker.Bead object at 0x000002EBC86DF250>	0.0	0	217	217	2	True	258.0	M450	M450	217
193.071	308.246	2	7150.479	<BeadTracker.Bead object at 0x000002EBC285D730>	0.0	0	218	218	2	True	256.0	M450	M450	218
193.067	308.281	2	7183.386	<BeadTracker.Bead object at 0x000002EBC285DA60>	0.0	0	219	219	2	True	257.0	M450	M450	219
192.984	308.29	2	7213.407	<BeadTracker.Bead object at 0x000002EBC4D03AF0>	0.0	0	220	220	2	True	255.0	M450	M450	220
192.994	308.275	2	7258.832	<BeadTracker.Bead object at 0x000002EBC4D03E20>	0.0	0	221	221	2	True	255.0	M450	M450	221
192.97	308.399	2	7284.342	<BeadTracker.Bead object at 0x000002EBC1549A90>	0.0	0	222	222	2	True	254.0	M450	M450	222
192.949	308.465	2	7293.733	<BeadTracker.Bead object at 0x000002EBC4CD5340>	0.0	0	223	223	2	True	254.0	M450	M450	223
192.944	308.593	2	7296.857	<BeadTracker.Bead object at 0x000002EBC4CD54F0>	0.0	0	224	224	2	True	257.0	M450	M450	224
192.909	308.629	2	7325.837	<BeadTracker.Bead object at 0x000002EBC0861A60>	0.0	0	225	225	2	True	256.0	M450	M450	225
192.851	308.71	2	7347.497	<BeadTracker.Bead object at 0x000002EBC2D34FD0>	0.0	0	226	226	2	True	254.0	M450	M450	226
192.828	308.77	2	7409.412	<BeadTracker.Bead object at 0x000002EBC2DD6430>	0.0	0	227	227	2	True	253.0	M450	M450	227
192.769	308.872	2	7454.324	<BeadTracker.Bead object at 0x000002EBC2DD6A00>	0.0	0	228	228	2	True	252.0	M450	M450	228
192.691	308.847	2	7445.506	<BeadTracker.Bead object at 0x000002EBC7D62FD0>	0.0	0	229	229	2	True	252.0	M450	M450	229
192.678	308.771	2	7464.184	<BeadTracker.Bead object at 0x000002EBC7D622E0>	0.0	0	230	230	2	True	252.0	M450	M450	230
192.616	308.836	2	7505.394	<BeadTracker.Bead object at 0x000002EBC7D62130>	0.0	0	231	231	2	True	251.0	M450	M450	231
192.572	308.824	2	7498.685	<BeadTracker.Bead object at 0x000002EBC127A550>	0.0	0	232	232	2	True	250.0	M450	M450	232
192.456	308.802	2	7567.447	<BeadTracker.Bead object at 0x000002EBC127ADC0>	0.0	0	233	233	2	True	247.0	M450	M450	233
192.348	308.771	2	7604.237	<BeadTracker.Bead object at 0x000002EBC48C8FD0>	0.0	0	234	234	2	True	247.0	M450	M450	234
192.281	308.9	2	7662.519	<BeadTracker.Bead object at 0x000002EBC4CEC610>	0.0	0	235	235	2	True	245.0	M450	M450	235
192.262	308.907	2	7725.637	<BeadTracker.Bead object at 0x000002EBC4CECCA0>	0.0	0	236	236	2	True	244.0	M450	M450	236
192.16	308.93	2	7822.78	<BeadTracker.Bead object at 0x000002EBC8385F10>	0.0	0	237	237	2	True	241.0	M450	M450	237
192.168	308.841	2	7817.564	<BeadTracker.Bead object at 0x000002EBC457BF10>	0.0	0	238	238	2	True	242.0	M450	M450	238
192.121	308.842	2	7898.754	<BeadTracker.Bead object at 0x000002EBC457BBE0>	0.0	0	239	239	2	True	240.0	M450	M450	239
192.13	308.912	2	7907.71	<BeadTracker.Bead object at 0x000002EBC4DB6190>	0.0	0	240	240	2	True	240.0	M450	M450	240
192.071	309.081	2	7946.307	<BeadTracker.Bead object at 0x000002EBC4DB6100>	0.0	0	241	241	2	True	236.0	M450	M450	241
192.013	309.215	2	7975.658	<BeadTracker.Bead object at 0x000002EBC0796850>	0.0	0	242	242	2	True	234.0	M450	M450	242
191.979	309.269	2	8067.35	<BeadTracker.Bead object at 0x000002EBC0796160>	0.0	0	243	243	2	True	233.0	M450	M450	243
191.89	309.211	2	8133.671	<BeadTracker.Bead object at 0x000002EBC4DA2A60>	0.0	0	244	244	2	True	231.0	M450	M450	244
191.837	309.213	2	8199.937	<BeadTracker.Bead object at 0x000002EBC4DA2040>	0.0	0	245	245	2	True	231.0	M450	M450	245
191.814	309.126	2	8227.835	<BeadTracker.Bead object at 0x000002EBC4DA2160>	0.0	0	246	246	2	True	230.0	M450	M450	246
191.743	308.995	2	8286.814	<BeadTracker.Bead object at 0x000002EBC4DC45B0>	0.0	0	247	247	2	True	228.0	M450	M450	247
191.722	308.91	2	8313.396	<BeadTracker.Bead object at 0x000002EBC4DC4AF0>	0.0	0	248	248	2	True	228.0	M450	M450	248
191.661	308.911	2	8385.789	<BeadTracker.Bead object at 0x000002EBC2EC4A30>	0.0	0	249	249	2	True	224.0	M450	M450	249
191.641	308.793	2	8374.568	<BeadTracker.Bead object at 0x000002EBC2EC4E20>	0.0	0	250	250	2	True	224.0	M450	M450	250
191.566	308.955	2	8468.583	<BeadTracker.Bead object at 0x000002EBC4A27850>	0.0	0	251	251	2	True	224.0	M450	M450	251
191.472	309.041	2	8548.417	<BeadTracker.Bead object at 0x000002EBC4A27610>	0.0	0	252	252	2	True	219.0	M450	M450	252
191.441	308.931	2	8551.261	<BeadTracker.Bead object at 0x000002EBBD999D30>	0.0	0	253	253	2	True	220.0	M450	M450	253
191.437	308.919	2	8556.243	<BeadTracker.Bead object at 0x000002EBC0EEA400>	0.0	0	254	254	2	True	220.0	M450	M450	254
191.436	309.141	2	8517.81	<BeadTracker.Bead object at 0x000002EBC0EEAE20>	0.0	0	255	255	2	True	220.0	M450	M450	255
191.451	309.183	2	8517.317	<BeadTracker.Bead object at 0x000002EBC2412AC0>	0.0	0	256	256	2	True	221.0	M450	M450	256
191.484	309.223	2	8522.162	<BeadTracker.Bead object at 0x000002EBC2412FA0>	0.0	0	257	257	2	True	221.0	M450	M450	257
191.477	309.276	2	8512.655	<BeadTracker.Bead object at 0x000002EBC26C40D0>	0.0	0	258	258	2	True	221.0	M450	M450	258
191.536	309.455	2	8490.316	<BeadTracker.Bead object at 0x000002EBC26C41F0>	0.0	0	259	259	2	True	229.0	M450	M450	259
191.519	309.47	2	8439.0	<BeadTracker.Bead object at 0x000002EBC23BAFA0>	0.0	0	260	260	2	True	229.0	M450	M450	260
191.52	309.54	2	8460.991	<BeadTracker.Bead object at 0x000002EBC23BA640>	0.0	0	261	261	2	True	221.0	M450	M450	261
191.496	309.551	2	8451.995	<BeadTracker.Bead object at 0x000002EBC23BAB20>	0.0	0	262	262	2	True	221.0	M450	M450	262
191.468	309.578	2	8452.53	<BeadTracker.Bead object at 0x000002EBBE8057F0>	0.0	0	263	263	2	True	221.0	M450	M450	263
191.396	309.66	2	8458.451	<BeadTracker.Bead object at 0x000002EBBE805DC0>	0.0	0	264	264	2	True	221.0	M450	M450	264
191.335	309.642	2	8437.842	<BeadTracker.Bead object at 0x000002EBC28E4640>	0.0	0	265	265	2	True	221.0	M450	M450	265
191.333	309.741	2	8396.728	<BeadTracker.Bead object at 0x000002EBC28E4190>	0.0	0	266	266	2	True	222.0	M450	M450	266
191.323	309.834	2	8427.751	<BeadTracker.Bead object at 0x000002EBC1FB3220>	0.0	0	267	267	2	True	221.0	M450	M450	267
191.363	309.859	2	8394.743	<BeadTracker.Bead object at 0x000002EBC1FB3610>	0.0	0	268	268	2	True	222.0	M450	M450	268
191.365	309.759	2	8374.112	<BeadTracker.Bead object at 0x000002EBC2E67730>	0.0	0	269	269	2	True	221.0	M450	M450	269
191.43	309.798	2	8352.811	<BeadTracker.Bead object at 0x000002EBC2E67070>	0.0	0	270	270	2	True	222.0	M450	M450	270
191.45	309.853	2	8361.273	<BeadTracker.Bead object at 0x000002EBC2E67760>	0.0	0	271	271	2	True	223.0	M450	M450	271
191.482	309.889	2	8331.446	<BeadTracker.Bead object at 0x000002EBC2E4AD30>	0.0	0	272	272	2	True	223.0	M450	M450	272
191.518	309.773	2	8300.928	<BeadTracker.Bead object at 0x000002EBC2E4A040>	0.0	0	273	273	2	True	225.0	M450	M450	273
191.574	309.801	2	8256.451	<BeadTracker.Bead object at 0x000002EBC29E72B0>	0.0	0	274	274	2	True	227.0	M450	M450	274
191.562	309.898	2	8190.891	<BeadTracker.Bead object at 0x000002EBC29E7160>	0.0	0	275	275	2	True	229.0	M450	M450	275
191.6	309.886	2	8157.018	<BeadTracker.Bead object at 0x000002EBC26082B0>	0.0	0	276	276	2	True	234.0	M450	M450	276
191.609	309.79	2	8161.95	<BeadTracker.Bead object at 0x000002EBC2608820>	0.0	0	277	277	2	True	233.0	M450	M450	277
191.655	309.786	2	8116.977	<BeadTracker.Bead object at 0x000002EBC2ADA970>	0.0	0	278	278	2	True	237.0	M450	M450	278
191.722	309.748	2	8085.705	<BeadTracker.Bead object at 0x000002EBC2ADAAF0>	0.0	0	279	279	2	True	237.0	M450	M450	279
191.722	309.805	2	8088.107	<BeadTracker.Bead object at 0x000002EBBE806370>	0.0	0	280	280	2	True	236.0	M450	M450	280
191.837	309.721	2	8035.101	<BeadTracker.Bead object at 0x000002EBBE8067F0>	0.0	0	281	281	2	True	239.0	M450	M450	281
191.926	309.627	2	7937.45	<BeadTracker.Bead object at 0x000002EBBE8063D0>	0.0	0	282	282	2	True	241.0	M450	M450	282
191.931	309.641	2	7932.779	<BeadTracker.Bead object at 0x000002EBC2418970>	0.0	0	283	283	2	True	241.0	M450	M450	283
191.984	309.677	2	7891.641	<BeadTracker.Bead object at 0x000002EBCB0FC4C0>	0.0	0	284	284	2	True	241.0	M450	M450	284
192.072	309.819	2	7842.882	<BeadTracker.Bead object at 0x000002EBCB0FC190>	0.0	0	285	285	2	True	241.0	M450	M450	285
192.096	309.695	2	7781.01	<BeadTracker.Bead object at 0x000002EBC291C9A0>	0.0	0	286	286	2	True	243.0	M450	M450	286
192.144	309.748	2	7746.05	<BeadTracker.Bead object at 0x000002EBC291CE80>	0.0	0	287	287	2	True	243.0	M450	M450	287
192.161	309.643	2	7734.911	<BeadTracker.Bead object at 0x000002EBBE7ACD30>	0.0	0	288	288	2	True	244.0	M450	M450	288
192.224	309.705	2	7699.611	<BeadTracker.Bead object at 0x000002EBBE7ACBB0>	0.0	0	289	289	2	True	245.0	M450	M450	289
192.284	309.652	2	7632.676	<BeadTracker.Bead object at 0x000002EBC73E6970>	0.0	0	290	290	2	True	246.0	M450	M450	290
192.266	309.527	2	7598.114	<BeadTracker.Bead object at 0x000002EBC73E6820>	0.0	0	291	291	2	True	249.0	M450	M450	291
192.336	309.538	2	7543.635	<BeadTracker.Bead object at 0x000002EBC73DC850>	0.0	0	292	292	2	True	252.0	M450	M450	292
192.358	309.552	2	7493.152	<BeadTracker.Bead object at 0x000002EBC73DC3D0>	0.0	0	293	293	2	True	252.0	M450	M450	293
192.394	309.487	2	7438.455	<BeadTracker.Bead object at 0x000002EBC7F2D730>	0.0	0	294	294	2	True	250.0	M450	M450	294
192.384	309.474	2	7419.207	<BeadTracker.Bead object at 0x000002EBC7F2DFA0>	0.0	0	295	295	2	True	250.0	M450	M450	295
192.443	309.319	2	7339.341	<BeadTracker.Bead object at 0x000002EBC8410190>	0.0	0	296	296	2	True	252.0	M450	M450	296
192.417	309.314	2	7341.636	<BeadTracker.Bead object at 0x000002EBC84102E0>	0.0	0	297	297	2	True	251.0	M450	M450	297
192.499	309.234	2	7305.22	<BeadTracker.Bead object at 0x000002EBC8410C40>	0.0	0	298	298	2	True	252.0	M450	M450	298
192.503	309.161	2	7285.894	<BeadTracker.Bead object at 0x000002EBC73F7A60>	0.0	0	299	299	2	True	255.0	M450	M450	299
192.508	309.167	2	7279.9	<BeadTracker.Bead object at 0x000002EBC73F7FA0>	0.0	0	300	300	2	True	254.0	M450	M450	300
192.518	308.89	2	7225.949	<BeadTracker.Bead object at 0x000002EBC7406D60>	0.0	0	301	301	2	True	256.0	M450	M450	301
192.514	308.763	2	7193.745	<BeadTracker.Bead object at 0x000002EBC7406CD0>	0.0	0	302	302	2	True	257.0	M450	M450	302
192.537	308.778	2	7172.885	<BeadTracker.Bead object at 0x000002EBC255EA30>	0.0	0	303	303	2	True	258.0	M450	M450	303
192.534	308.621	2	7163.09	<BeadTracker.Bead object at 0x000002EBC255E2B0>	0.0	0	304	304	2	True	259.0	M450	M450	304
192.6	308.561	2	7113.759	<BeadTracker.Bead object at 0x000002EBCC52B640>	0.0	0	305	305	2	True	260.0	M450	M450	305
192.64	308.404	2	7086.339	<BeadTracker.Bead object at 0x000002EBCC52BA30>	0.0	0	306	306	2	True	258.0	M450	M450	306
192.628	308.2	2	7088.509	<BeadTracker.Bead object at 0x000002EBC2A61790>	0.0	0	307	307	2	True	259.0	M450	M450	307
192.704	308.161	2	7059.759	<BeadTracker.Bead object at 0x000002EBC2A61E20>	0.0	0	308	308	2	True	259.0	M450	M450	308
192.711	308.04	2	7032.624	<BeadTracker.Bead object at 0x000002EBCC4F1250>	0.0	0	309	309	2	True	259.0	M450	M450	309
192.729	307.932	2	7009.44	<BeadTracker.Bead object at 0x000002EBCC4F1C70>	0.0	0	310	310	2	True	260.0	M450	M450	310
192.767	308.003	2	7027.336	<BeadTracker.Bead object at 0x000002EBCC516190>	0.0	0	311	311	2	True	259.0	M450	M450	311
192.785	307.976	2	6953.331	<BeadTracker.Bead object at 0x000002EBCC516E20>	0.0	0	312	312	2	True	261.0	M450	M450	312
192.804	308.029	2	6965.685	<BeadTracker.Bead object at 0x000002EBCC4FC8E0>	0.0	0	313	313	2	True	261.0	M450	M450	313
192.861	307.709	2	6966.92	<BeadTracker.Bead object at 0x000002EBCC4FC490>	0.0	0	314	314	2	True	263.0	M450	M450	314
192.856	307.733	2	6963.43	<BeadTracker.Bead object at 0x000002EBBE683760>	0.0	0	315	315	2	True	263.0	M450	M450	315
192.9	307.566	2	6912.866	<BeadTracker.Bead object at 0x000002EBBE6832B0>	0.0	0	316	316	1	True	265.0	M450	M450	316
192.94	307.543	2	6862.748	<BeadTracker.Bead object at 0x000002EBC20F4CD0>	0.0	0	317	317	1	True	265.0	M450	M450	317
192.91	307.462	2	6886.683	<BeadTracker.Bead object at 0x000002EBC20F4040>	0.0	0	318	318	1	True	268.0	M450	M450	318
192.925	307.443	2	6874.91	<BeadTracker.Bead object at 0x000002EBC20F4AC0>	0.0	0	319	319	1	True	267.0	M450	M450	319
192.933	307.237	2	6848.747	<BeadTracker.Bead object at 0x000002EBCC4F7BE0>	0.0	0	320	320	1	True	266.0	M450	M450	320
193.124	308.129	0	4306.711	<BeadTracker.Bead object at 0x000002EBCC4F7F10>	1.0	19	321	321	1	False	227.0	M450	M450	321
193.136	307.727	0	6957.691	<BeadTracker.Bead object at 0x000002EBCC50C190>	2.0	19	322	322	2	True	227.0	M450	M450	322
192.974	307.879	0	9985.676	<BeadTracker.Bead object at 0x000002EBCC50CD00>	3.0	19	323	323	2	False	227.0	M450	M450	323
193.18	307.969	0	4364.03	<BeadTracker.Bead object at 0x000002EBCC526340>	1.0	20	324	324	1	False	189.0	M450	M450	324
193.295	307.663	0	6976.701	<BeadTracker.Bead object at 0x000002EBCC526FA0>	2.0	20	325	325	2	True	189.0	M450	M450	325
193.017	307.556	0	10043.779	<BeadTracker.Bead object at 0x000002EBC1F13070>	3.0	20	326	326	2	False	189.0	M450	M450	326
193.245	307.918	0	4397.175	<BeadTracker.Bead object at 0x000002EBC1F13790>	1.0	21	327	327	1	False	152.0	M450	M450	327
193.306	307.845	0	7081.234	<BeadTracker.Bead object at 0x000002EBC2CB47C0>	2.0	21	328	328	2	True	152.0	M450	M450	328
193.02	307.917	0	10077.079	<BeadTracker.Bead object at 0x000002EBC2CB4DC0>	3.0	21	329	329	2	False	152.0	M450	M450	329
193.138	307.678	0	4409.121	<BeadTracker.Bead object at 0x000002EBC2CB4640>	1.0	22	330	330	1	False	118.0	M450	M450	330
193.07	307.664	0	7080.799	<BeadTracker.Bead object at 0x000002EBC1FE7280>	2.0	22	331	331	2	True	118.0	M450	M450	331
192.921	307.428	0	10086.527	<BeadTracker.Bead object at 0x000002EBC1FE7C70>	3.0	22	332	332	2	False	118.0	M450	M450	332
193.251	307.719	0	4431.49	<BeadTracker.Bead object at 0x000002EBC1F1D6A0>	1.0	23	333	333	1	False	118.0	M450	M450	333
193.178	307.565	0	7098.117	<BeadTracker.Bead object at 0x000002EBC1F1D580>	2.0	23	334	334	2	True	118.0	M450	M450	334
193.037	307.337	0	10090.123	<BeadTracker.Bead object at 0x000002EBC1F2E340>	3.0	23	335	335	2	False	118.0	M450	M450	335
193.133	307.856	0	4503.283	<BeadTracker.Bead object at 0x000002EBC1F2EA60>	1.0	24	336	336	1	False	117.0	M450	M450	336
193.033	307.693	0	7197.835	<BeadTracker.Bead object at 0x000002EBC1F37340>	2.0	24	337	337	2	True	117.0	M450	M450	337
192.939	307.327	0	10178.346	<BeadTracker.Bead object at 0x000002EBC1F370D0>	3.0	24	338	338	2	False	117.0	M450	M450	338
192.853	307.645	0	4498.621	<BeadTracker.Bead object at 0x000002EBC2550AF0>	1.0	25	340	340	1	False	87.0	M450	M450	340
192.905	307.341	0	7277.399	<BeadTracker.Bead object at 0x000002EBC2550640>	2.0	25	341	341	2	True	87.0	M450	M450	341
192.614	307.358	0	10265.292	<BeadTracker.Bead object at 0x000002EBC1F005B0>	3.0	25	342	342	2	False	87.0	M450	M450	342
192.683	307.778	0	4525.982	<BeadTracker.Bead object at 0x000002EBC1F00B80>	1.0	26	343	343	1	False	89.0	M450	M450	343
192.732	307.626	0	7267.258	<BeadTracker.Bead object at 0x000002EBC2FFB9D0>	2.0	26	344	344	2	True	89.0	M450	M450	344
192.408	307.572	0	10267.229	<BeadTracker.Bead object at 0x000002EBC2FFB760>	3.0	26	345	345	2	False	89.0	M450	M450	345
192.589	307.852	0	4632.873	<BeadTracker.Bead object at 0x000002EBC1F3C250>	1.0	27	346	346	1	False	89.0	M450	M450	346
192.681	307.835	0	7366.476	<BeadTracker.Bead object at 0x000002EBC1F3CB20>	2.0	27	347	347	2	True	89.0	M450	M450	347
192.457	307.744	0	10258.888	<BeadTracker.Bead object at 0x000002EBC1F0C340>	3.0	27	348	348	2	False	89.0	M450	M450	348
192.716	307.715	0	4620.482	<BeadTracker.Bead object at 0x000002EBC1F0C7F0>	1.0	28	349	349	1	False	89.0	M450	M450	349
192.708	307.779	0	7338.897	<BeadTracker.Bead object at 0x000002EBBFA9C400>	2.0	28	350	350	2	True	89.0	M450	M450	350
192.477	307.625	0	10311.335	<BeadTracker.Bead object at 0x000002EBBFA9C310>	3.0	28	351	351	2	False	89.0	M450	M450	351
192.71	307.706	0	4655.231	<BeadTracker.Bead object at 0x000002EBBFA9CC40>	1.0	29	352	352	1	False	112.0	M450	M450	352
192.646	307.802	0	7403.066	<BeadTracker.Bead object at 0x000002EBC275B910>	2.0	29	353	353	2	True	112.0	M450	M450	353
192.446	307.453	0	10353.934	<BeadTracker.Bead object at 0x000002EBBE66CCD0>	3.0	29	354	354	2	False	112.0	M450	M450	354
192.63	307.879	0	4731.741	<BeadTracker.Bead object at 0x000002EBBE66C2B0>	1.0	30	355	355	1	False	89.0	M450	M450	355
192.502	307.782	0	7483.331	<BeadTracker.Bead object at 0x000002EBBE66C5B0>	2.0	30	356	356	2	True	89.0	M450	M450	356
192.48	307.49	0	10391.401	<BeadTracker.Bead object at 0x000002EBC276F190>	3.0	30	357	357	2	False	89.0	M450	M450	357
192.325	307.305	3	8860.647	<BeadTracker.Bead object at 0x000002EBC276FE50>	0.0	0	358	358	2	True	129.0	M450	M450	358
192.444	307.231	3	7802.975	<BeadTracker.Bead object at 0x000002EBBDB08220>	0.0	0	359	359	2	True	169.0	M450	M450	359
192.549	307.139	3	7436.66	<BeadTracker.Bead object at 0x000002EBBDB087C0>	0.0	0	360	360	1	True	209.0	M450	M450	360
192.563	307.242	3	7326.544	<BeadTracker.Bead object at 0x000002EBC2780160>	0.0	0	361	361	1	True	249.0	M450	M450	361
192.582	307.148	3	7353.26	<BeadTracker.Bead object at 0x000002EBC2780D00>	0.0	0	362	362	1	True	252.0	M450	M450	362
192.61	307.107	3	7287.505	<BeadTracker.Bead object at 0x000002EBC2750460>	0.0	0	363	363	1	True	255.0	M450	M450	363
192.605	307.134	3	7285.591	<BeadTracker.Bead object at 0x000002EBC2750AF0>	0.0	0	364	364	1	True	254.0	M450	M450	364
192.648	307.162	3	7308.928	<BeadTracker.Bead object at 0x000002EBC27673D0>	0.0	0	365	365	1	True	253.0	M450	M450	365
192.664	307.115	3	7303.305	<BeadTracker.Bead object at 0x000002EBC2767F40>	0.0	0	366	366	1	True	254.0	M450	M450	366
192.664	307.066	3	7343.308	<BeadTracker.Bead object at 0x000002EBC1181730>	0.0	0	367	367	1	True	252.0	M450	M450	367
192.642	307.075	3	7306.816	<BeadTracker.Bead object at 0x000002EBC1181460>	0.0	0	368	368	1	True	255.0	M450	M450	368
192.661	307.319	3	7325.409	<BeadTracker.Bead object at 0x000002EBC214A460>	0.0	0	369	369	1	True	253.0	M450	M450	369
192.619	307.205	3	7346.568	<BeadTracker.Bead object at 0x000002EBC214AA30>	0.0	0	370	370	1	True	252.0	M450	M450	370
192.645	307.246	3	7356.179	<BeadTracker.Bead object at 0x000002EBC27564F0>	0.0	0	371	371	1	True	252.0	M450	M450	371
192.573	307.338	3	7430.582	<BeadTracker.Bead object at 0x000002EBC2756130>	0.0	0	372	372	1	True	252.0	M450	M450	372
192.58	307.512	3	7427.046	<BeadTracker.Bead object at 0x000002EBC276C4F0>	0.0	0	373	373	2	True	255.0	M450	M450	373
192.53	307.563	3	7485.144	<BeadTracker.Bead object at 0x000002EBC276CDF0>	0.0	0	374	374	2	True	254.0	M450	M450	374
192.494	307.722	3	7526.799	<BeadTracker.Bead object at 0x000002EBBF9FFA00>	0.0	0	375	375	2	True	250.0	M450	M450	375
192.541	307.88	3	7516.141	<BeadTracker.Bead object at 0x000002EBBF9FFD90>	0.0	0	376	376	2	True	250.0	M450	M450	376
192.516	308.04	3	7584.01	<BeadTracker.Bead object at 0x000002EBC2531070>	0.0	0	377	377	2	True	248.0	M450	M450	377
192.493	308.027	3	7603.447	<BeadTracker.Bead object at 0x000002EBC2531910>	0.0	0	378	378	2	True	246.0	M450	M450	378
192.465	308.199	3	7603.156	<BeadTracker.Bead object at 0x000002EBBE6DDE50>	0.0	0	379	379	2	True	245.0	M450	M450	379
192.457	308.164	3	7618.856	<BeadTracker.Bead object at 0x000002EBBE6DDB80>	0.0	0	380	380	2	True	246.0	M450	M450	380
192.402	308.359	3	7698.967	<BeadTracker.Bead object at 0x000002EBC2551430>	0.0	0	381	381	2	True	242.0	M450	M450	381
192.375	308.384	3	7665.646	<BeadTracker.Bead object at 0x000002EBC2551A30>	0.0	0	382	382	2	True	245.0	M450	M450	382
192.377	308.615	3	7694.17	<BeadTracker.Bead object at 0x000002EBC2551250>	0.0	0	383	383	2	True	246.0	M450	M450	383
192.36	308.522	3	7730.415	<BeadTracker.Bead object at 0x000002EBBE7D0F40>	0.0	0	384	384	2	True	246.0	M450	M450	384
192.353	308.708	3	7735.698	<BeadTracker.Bead object at 0x000002EBBE7D0670>	0.0	0	385	385	2	True	244.0	M450	M450	385
192.314	308.74	3	7767.713	<BeadTracker.Bead object at 0x000002EBC31522B0>	0.0	0	386	386	2	True	243.0	M450	M450	386
192.221	308.892	3	7843.14	<BeadTracker.Bead object at 0x000002EBC3152B20>	0.0	0	387	387	2	True	241.0	M450	M450	387
192.203	308.834	3	7914.579	<BeadTracker.Bead object at 0x000002EBC239CD90>	0.0	0	388	388	2	True	240.0	M450	M450	388
192.127	308.953	3	7920.703	<BeadTracker.Bead object at 0x000002EBC239C580>	0.0	0	389	389	2	True	238.0	M450	M450	389
192.104	308.909	3	8013.306	<BeadTracker.Bead object at 0x000002EBC24D2D90>	0.0	0	390	390	2	True	238.0	M450	M450	390
192.065	308.904	3	8021.411	<BeadTracker.Bead object at 0x000002EBC24D2DF0>	0.0	0	391	391	2	True	238.0	M450	M450	391
192.012	309.014	3	8092.004	<BeadTracker.Bead object at 0x000002EBCBDC9730>	0.0	0	392	392	2	True	233.0	M450	M450	392
191.988	309.076	3	8123.739	<BeadTracker.Bead object at 0x000002EBCBDC9850>	0.0	0	393	393	2	True	232.0	M450	M450	393
191.984	309.098	3	8104.545	<BeadTracker.Bead object at 0x000002EBCBDC9B20>	0.0	0	394	394	2	True	233.0	M450	M450	394
191.965	309.095	3	8145.16	<BeadTracker.Bead object at 0x000002EBBFADFDC0>	0.0	0	395	395	2	True	231.0	M450	M450	395
191.927	309.103	3	8220.112	<BeadTracker.Bead object at 0x000002EBBFADFB20>	0.0	0	396	396	2	True	230.0	M450	M450	396
191.863	309.138	3	8187.823	<BeadTracker.Bead object at 0x000002EBC25B5D60>	0.0	0	397	397	2	True	231.0	M450	M450	397
191.858	309.123	3	8253.172	<BeadTracker.Bead object at 0x000002EBC25B5220>	0.0	0	398	398	2	True	229.0	M450	M450	398
191.82	309.094	3	8298.781	<BeadTracker.Bead object at 0x000002EBC25B5280>	0.0	0	399	399	2	True	228.0	M450	M450	399
191.78	309.17	3	8283.953	<BeadTracker.Bead object at 0x000002EBC848C9D0>	0.0	0	400	400	2	True	228.0	M450	M450	400
191.815	309.231	3	8319.013	<BeadTracker.Bead object at 0x000002EBC848C700>	0.0	0	401	401	2	True	228.0	M450	M450	401
191.756	309.331	3	8427.062	<BeadTracker.Bead object at 0x000002EBC298B220>	0.0	0	402	402	2	True	228.0	M450	M450	402
191.767	309.212	3	8418.147	<BeadTracker.Bead object at 0x000002EBC298B310>	0.0	0	403	403	2	True	226.0	M450	M450	403
191.693	309.261	3	8502.017	<BeadTracker.Bead object at 0x000002EBC30B3280>	0.0	0	404	404	2	True	226.0	M450	M450	404
191.654	309.255	3	8530.609	<BeadTracker.Bead object at 0x000002EBC30B35E0>	0.0	0	405	405	2	True	225.0	M450	M450	405
191.622	309.155	3	8566.384	<BeadTracker.Bead object at 0x000002EBC252AE50>	0.0	0	406	406	2	True	222.0	M450	M450	406
191.561	309.24	3	8611.394	<BeadTracker.Bead object at 0x000002EBC252AB50>	0.0	0	407	407	2	True	223.0	M450	M450	407
191.513	308.958	3	8686.727	<BeadTracker.Bead object at 0x000002EBC8693550>	0.0	0	408	408	2	True	219.0	M450	M450	408
191.454	309.068	3	8688.998	<BeadTracker.Bead object at 0x000002EBC8693C70>	0.0	0	409	409	2	True	216.0	M450	M450	409
191.414	309.053	3	8736.231	<BeadTracker.Bead object at 0x000002EBC218A0D0>	0.0	0	410	410	2	True	215.0	M450	M450	410
191.418	309.098	3	8753.942	<BeadTracker.Bead object at 0x000002EBC218A5B0>	0.0	0	411	411	2	True	214.0	M450	M450	411
191.323	308.964	3	8814.772	<BeadTracker.Bead object at 0x000002EBC0579C70>	0.0	0	412	412	2	True	215.0	M450	M450	412
191.256	308.937	3	8852.434	<BeadTracker.Bead object at 0x000002EBC0579B50>	0.0	0	413	413	2	True	214.0	M450	M450	413
191.206	308.894	3	8948.808	<BeadTracker.Bead object at 0x000002EBC8F29E80>	0.0	0	414	414	2	True	213.0	M450	M450	414
191.056	308.739	3	9049.462	<BeadTracker.Bead object at 0x000002EBC8F29A00>	0.0	0	415	415	2	True	208.0	M450	M450	415
191.034	308.585	3	9098.898	<BeadTracker.Bead object at 0x000002EBBFA09BE0>	0.0	0	416	416	2	True	213.0	M450	M450	416
190.954	308.484	3	9177.266	<BeadTracker.Bead object at 0x000002EBBFA09F40>	0.0	0	417	417	2	True	207.0	M450	M450	417
190.896	308.401	3	9198.257	<BeadTracker.Bead object at 0x000002EBBFA096A0>	0.0	0	418	418	2	True	204.0	M450	M450	418
190.865	308.374	3	9249.931	<BeadTracker.Bead object at 0x000002EBC7D95AC0>	0.0	0	419	419	2	True	197.0	M450	M450	419
190.792	308.285	3	9280.164	<BeadTracker.Bead object at 0x000002EBC7D95910>	0.0	0	420	420	2	True	197.0	M450	M450	420
190.72	308.213	3	9273.612	<BeadTracker.Bead object at 0x000002EBC1FE8640>	0.0	0	421	421	2	True	198.0	M450	M450	421
190.632	308.145	3	9342.585	<BeadTracker.Bead object at 0x000002EBC1FE8430>	0.0	0	422	422	2	True	199.0	M450	M450	422
190.559	308.083	3	9414.006	<BeadTracker.Bead object at 0x000002EBC213DA90>	0.0	0	423	423	2	True	196.0	M450	M450	423
190.527	308.154	3	9398.422	<BeadTracker.Bead object at 0x000002EBC213DF70>	0.0	0	424	424	2	True	195.0	M450	M450	424
190.527	308.276	3	9346.143	<BeadTracker.Bead object at 0x000002EBC7DC41C0>	0.0	0	425	425	2	True	195.0	M450	M450	425
190.532	308.243	3	9404.86	<BeadTracker.Bead object at 0x000002EBC7DC46A0>	0.0	0	426	426	2	True	195.0	M450	M450	426
190.546	308.385	3	9350.397	<BeadTracker.Bead object at 0x000002EBC8785430>	0.0	0	427	427	2	True	195.0	M450	M450	427
190.53	308.374	3	9302.239	<BeadTracker.Bead object at 0x000002EBC8785D90>	0.0	0	428	428	2	True	195.0	M450	M450	428
190.504	308.385	3	9303.949	<BeadTracker.Bead object at 0x000002EBC8785070>	0.0	0	429	429	2	True	195.0	M450	M450	429
190.531	308.636	3	9230.897	<BeadTracker.Bead object at 0x000002EBC0920340>	0.0	0	430	430	2	True	204.0	M450	M450	430
190.521	308.539	3	9208.356	<BeadTracker.Bead object at 0x000002EBC0920220>	0.0	0	431	431	2	True	206.0	M450	M450	431
190.567	308.638	3	9250.691	<BeadTracker.Bead object at 0x000002EBC8FAC220>	0.0	0	432	432	2	True	205.0	M450	M450	432
190.603	308.696	3	9218.613	<BeadTracker.Bead object at 0x000002EBC8FAC5B0>	0.0	0	433	433	2	True	205.0	M450	M450	433
190.598	308.801	3	9179.397	<BeadTracker.Bead object at 0x000002EBC8FB15B0>	0.0	0	434	434	2	True	205.0	M450	M450	434
190.657	308.753	3	9160.636	<BeadTracker.Bead object at 0x000002EBC8FB13D0>	0.0	0	435	435	2	True	205.0	M450	M450	435
190.667	308.843	3	9115.81	<BeadTracker.Bead object at 0x000002EBC8FD9BE0>	0.0	0	436	436	2	True	206.0	M450	M450	436
190.682	308.92	3	9118.956	<BeadTracker.Bead object at 0x000002EBC8FD9730>	0.0	0	437	437	2	True	205.0	M450	M450	437
190.795	308.815	3	9041.955	<BeadTracker.Bead object at 0x000002EBC8FD9970>	0.0	0	438	438	2	True	207.0	M450	M450	438
190.826	309.021	3	8997.921	<BeadTracker.Bead object at 0x000002EBC091C790>	0.0	0	439	439	2	True	208.0	M450	M450	439
190.837	309.071	3	8986.679	<BeadTracker.Bead object at 0x000002EBC091C070>	0.0	0	440	440	2	True	209.0	M450	M450	440
190.879	308.974	3	8979.856	<BeadTracker.Bead object at 0x000002EBC888FB50>	0.0	0	441	441	2	True	210.0	M450	M450	441
190.894	308.959	3	8960.673	<BeadTracker.Bead object at 0x000002EBC888FC10>	0.0	0	442	442	2	True	207.0	M450	M450	442
190.969	308.958	3	8883.096	<BeadTracker.Bead object at 0x000002EBC88A7F70>	0.0	0	443	443	2	True	211.0	M450	M450	443
190.991	309.049	3	8889.597	<BeadTracker.Bead object at 0x000002EBC88A7190>	0.0	0	444	444	2	True	212.0	M450	M450	444
191.033	309.076	3	8849.415	<BeadTracker.Bead object at 0x000002EBC8775160>	0.0	0	445	445	2	True	211.0	M450	M450	445
191.072	309.084	3	8825.01	<BeadTracker.Bead object at 0x000002EBC8775970>	0.0	0	446	446	2	True	212.0	M450	M450	446
191.113	309.045	3	8826.296	<BeadTracker.Bead object at 0x000002EBC8775B20>	0.0	0	447	447	2	True	212.0	M450	M450	447
191.146	309.06	3	8787.193	<BeadTracker.Bead object at 0x000002EBC8FC16D0>	0.0	0	448	448	2	True	212.0	M450	M450	448
191.181	309.093	3	8780.842	<BeadTracker.Bead object at 0x000002EBC8FC1490>	0.0	0	449	449	2	True	213.0	M450	M450	449
191.185	309.02	3	8769.452	<BeadTracker.Bead object at 0x000002EBC7DC98B0>	0.0	0	450	450	2	True	215.0	M450	M450	450
191.227	309.178	3	8680.55	<BeadTracker.Bead object at 0x000002EBC7DC9BB0>	0.0	0	451	451	2	True	215.0	M450	M450	451
191.179	309.176	3	8674.461	<BeadTracker.Bead object at 0x000002EBC88B9DF0>	0.0	0	452	452	2	True	214.0	M450	M450	452
191.246	309.203	3	8664.175	<BeadTracker.Bead object at 0x000002EBC88B9D00>	0.0	0	453	453	2	True	215.0	M450	M450	453
191.274	309.108	3	8651.676	<BeadTracker.Bead object at 0x000002EBC7DB0520>	0.0	0	454	454	2	True	217.0	M450	M450	454
191.3	309.062	3	8594.822	<BeadTracker.Bead object at 0x000002EBC7DB0C10>	0.0	0	455	455	2	True	217.0	M450	M450	455
191.319	309.172	3	8628.339	<BeadTracker.Bead object at 0x000002EBC7DB02E0>	0.0	0	456	456	2	True	216.0	M450	M450	456
191.317	309.047	3	8538.895	<BeadTracker.Bead object at 0x000002EBC889B1F0>	0.0	0	457	457	2	True	220.0	M450	M450	457
191.368	309.105	3	8501.133	<BeadTracker.Bead object at 0x000002EBC889BD90>	0.0	0	458	458	2	True	222.0	M450	M450	458
191.375	309.001	3	8477.372	<BeadTracker.Bead object at 0x000002EBC8886040>	0.0	0	459	459	2	True	221.0	M450	M450	459
191.405	309.021	3	8441.439	<BeadTracker.Bead object at 0x000002EBC88863D0>	0.0	0	460	460	2	True	221.0	M450	M450	460
191.448	309.029	3	8423.455	<BeadTracker.Bead object at 0x000002EBC877EFD0>	0.0	0	461	461	2	True	222.0	M450	M450	461
191.411	308.905	3	8405.958	<BeadTracker.Bead object at 0x000002EBC877EF40>	0.0	0	462	462	2	True	222.0	M450	M450	462
191.503	308.964	3	8330.811	<BeadTracker.Bead object at 0x000002EBC8783430>	0.0	0	463	463	2	True	227.0	M450	M450	463
191.543	308.86	3	8278.358	<BeadTracker.Bead object at 0x000002EBC8783700>	0.0	0	464	464	2	True	227.0	M450	M450	464
191.57	308.826	3	8228.113	<BeadTracker.Bead object at 0x000002EBC10D6490>	0.0	0	465	465	2	True	233.0	M450	M450	465
191.55	308.909	3	8211.215	<BeadTracker.Bead object at 0x000002EBC10D6CA0>	0.0	0	466	466	2	True	231.0	M450	M450	466
191.555	308.796	3	8209.55	<BeadTracker.Bead object at 0x000002EBC10D6040>	0.0	0	467	467	2	True	232.0	M450	M450	467
191.587	308.804	3	8199.422	<BeadTracker.Bead object at 0x000002EBC831B160>	0.0	0	468	468	2	True	236.0	M450	M450	468
191.712	308.617	3	8112.755	<BeadTracker.Bead object at 0x000002EBC831BDF0>	0.0	0	469	469	2	True	239.0	M450	M450	469
191.683	308.586	3	8101.241	<BeadTracker.Bead object at 0x000002EBC4910100>	0.0	0	470	470	2	True	239.0	M450	M450	470
191.732	308.71	3	8068.77	<BeadTracker.Bead object at 0x000002EBC4910C10>	0.0	0	471	471	2	True	239.0	M450	M450	471
191.782	308.513	3	7996.398	<BeadTracker.Bead object at 0x000002EBC8F02490>	0.0	0	472	472	2	True	241.0	M450	M450	472
191.775	308.46	3	7976.562	<BeadTracker.Bead object at 0x000002EBC8F02D30>	0.0	0	473	473	2	True	233.0	M450	M450	473
191.81	308.417	3	8049.802	<BeadTracker.Bead object at 0x000002EBC8F16490>	0.0	0	474	474	2	True	233.0	M450	M450	474
191.858	308.262	3	7970.125	<BeadTracker.Bead object at 0x000002EBC8F169A0>	0.0	0	475	475	2	True	234.0	M450	M450	475
191.887	308.248	3	7945.891	<BeadTracker.Bead object at 0x000002EBC8F16790>	0.0	0	476	476	2	True	234.0	M450	M450	476
191.861	308.159	3	7959.918	<BeadTracker.Bead object at 0x000002EBC10042B0>	0.0	0	477	477	2	True	235.0	M450	M450	477
191.922	308.132	3	7889.761	<BeadTracker.Bead object at 0x000002EBC10045E0>	0.0	0	478	478	2	True	237.0	M450	M450	478
191.936	307.982	3	7935.994	<BeadTracker.Bead object at 0x000002EBC0FFDB20>	0.0	0	479	479	2	True	238.0	M450	M450	479
191.976	308.064	3	7926.328	<BeadTracker.Bead object at 0x000002EBC0FFD430>	0.0	0	480	480	2	True	238.0	M450	M450	480
192.019	307.843	3	7828.383	<BeadTracker.Bead object at 0x000002EBC316E2B0>	0.0	0	481	481	2	True	241.0	M450	M450	481
192.0	307.841	3	7870.847	<BeadTracker.Bead object at 0x000002EBC316EAC0>	0.0	0	482	482	2	True	240.0	M450	M450	482
192.03	307.791	3	7842.384	<BeadTracker.Bead object at 0x000002EBC48EC6D0>	0.0	0	483	483	2	True	242.0	M450	M450	483
192.088	307.825	3	7810.035	<BeadTracker.Bead object at 0x000002EBC48ECCD0>	0.0	0	484	484	2	True	242.0	M450	M450	484
192.106	307.622	3	7763.616	<BeadTracker.Bead object at 0x000002EBC4901670>	0.0	0	485	485	2	True	244.0	M450	M450	485
192.117	307.705	3	7749.648	<BeadTracker.Bead object at 0x000002EBC49019D0>	0.0	0	486	486	2	True	245.0	M450	M450	486
192.118	307.736	3	7773.594	<BeadTracker.Bead object at 0x000002EBC4901490>	0.0	0	487	487	2	True	244.0	M450	M450	487
192.13	307.578	3	7750.478	<BeadTracker.Bead object at 0x000002EBC4909B50>	0.0	0	488	488	2	True	245.0	M450	M450	488
192.131	307.604	3	7737.891	<BeadTracker.Bead object at 0x000002EBC4909970>	0.0	0	489	489	2	True	245.0	M450	M450	489
192.132	307.608	3	7743.565	<BeadTracker.Bead object at 0x000002EBC3153BE0>	0.0	0	490	490	2	True	244.0	M450	M450	490
192.195	308.507	0	4949.911	<BeadTracker.Bead object at 0x000002EBC3153E80>	1.0	31	491	491	1	False	206.0	M450	M450	491
192.344	308.284	0	7774.128	<BeadTracker.Bead object at 0x000002EBC4ACB070>	2.0	31	492	492	2	True	206.0	M450	M450	492
192.156	308.278	0	10638.891	<BeadTracker.Bead object at 0x000002EBC4ACB820>	3.0	31	493	493	2	False	206.0	M450	M450	493
192.406	308.56	0	4909.103	<BeadTracker.Bead object at 0x000002EBC3162040>	1.0	32	494	494	1	False	167.0	M450	M450	494
192.517	308.109	0	7784.404	<BeadTracker.Bead object at 0x000002EBC3162A90>	2.0	32	495	495	2	True	167.0	M450	M450	495
192.296	308.144	0	10636.001	<BeadTracker.Bead object at 0x000002EBC31628E0>	3.0	32	496	496	2	False	167.0	M450	M450	496
192.405	308.343	0	5000.226	<BeadTracker.Bead object at 0x000002EBC83C5D30>	1.0	33	497	497	1	False	128.0	M450	M450	497
192.553	308.12	0	7853.813	<BeadTracker.Bead object at 0x000002EBC4AD5DF0>	2.0	33	498	498	2	True	128.0	M450	M450	498
192.279	308.163	0	10662.049	<BeadTracker.Bead object at 0x000002EBC4AD5D30>	3.0	33	499	499	2	False	128.0	M450	M450	499
192.518	308.511	0	4999.2	<BeadTracker.Bead object at 0x000002EBC4AD55E0>	1.0	34	500	500	1	False	89.0	M450	M450	500
192.489	308.326	0	7868.001	<BeadTracker.Bead object at 0x000002EBC7EAABE0>	2.0	34	501	501	2	True	89.0	M450	M450	501
192.255	308.297	0	10647.446	<BeadTracker.Bead object at 0x000002EBC7EAAAC0>	3.0	34	502	502	2	False	89.0	M450	M450	502
192.513	308.34	0	5037.427	<BeadTracker.Bead object at 0x000002EBC84ACF10>	1.0	35	503	503	1	False	86.0	M450	M450	503
192.511	308.136	0	7843.126	<BeadTracker.Bead object at 0x000002EBC7EAF0D0>	2.0	35	504	504	2	True	86.0	M450	M450	504
192.327	308.163	0	10666.882	<BeadTracker.Bead object at 0x000002EBC7EAF310>	3.0	35	505	505	2	False	86.0	M450	M450	505
192.526	308.387	0	5067.972	<BeadTracker.Bead object at 0x000002EBC917C970>	1.0	36	506	506	1	False	85.0	M450	M450	506
192.441	308.454	0	7953.17	<BeadTracker.Bead object at 0x000002EBC917C1F0>	2.0	36	507	507	2	True	85.0	M450	M450	507
192.369	308.153	0	10686.091	<BeadTracker.Bead object at 0x000002EBCBE50B80>	3.0	36	508	508	2	False	85.0	M450	M450	508
192.918	308.313	0	5189.124	<BeadTracker.Bead object at 0x000002EBC2A129D0>	1.0	37	510	510	2	False	86.0	M450	M450	510
192.857	308.091	0	8163.523	<BeadTracker.Bead object at 0x000002EBC2A12340>	2.0	37	511	511	2	True	86.0	M450	M450	511
192.859	307.965	0	10837.816	<BeadTracker.Bead object at 0x000002EBC2A24F40>	3.0	37	512	512	2	False	86.0	M450	M450	512
192.859	308.158	0	5186.189	<BeadTracker.Bead object at 0x000002EBC2A24CA0>	1.0	38	513	513	2	False	81.0	M450	M450	513
192.905	307.772	0	8132.493	<BeadTracker.Bead object at 0x000002EBC2E2C4C0>	2.0	38	514	514	2	True	81.0	M450	M450	514
192.749	307.719	0	10842.031	<BeadTracker.Bead object at 0x000002EBC2E2CBB0>	3.0	38	515	515	2	False	81.0	M450	M450	515
192.926	308.682	0	5215.084	<BeadTracker.Bead object at 0x000002EBC2E2C0D0>	1.0	39	516	516	2	False	81.0	M450	M450	516
192.916	308.322	0	8167.822	<BeadTracker.Bead object at 0x000002EBBDA9ADC0>	2.0	39	517	517	2	True	81.0	M450	M450	517
192.721	308.353	0	10851.412	<BeadTracker.Bead object at 0x000002EBBDA9AAC0>	3.0	39	518	518	2	False	81.0	M450	M450	518
192.83	308.582	0	5288.967	<BeadTracker.Bead object at 0x000002EBC84BD580>	1.0	40	519	519	2	False	85.0	M450	M450	519
192.947	308.291	0	8212.767	<BeadTracker.Bead object at 0x000002EBC0EF83D0>	2.0	40	520	520	2	True	85.0	M450	M450	520
192.675	308.118	0	10883.476	<BeadTracker.Bead object at 0x000002EBC0EF8BB0>	3.0	40	521	521	2	False	85.0	M450	M450	521
192.855	308.281	0	5329.591	<BeadTracker.Bead object at 0x000002EBC8F5F6A0>	1.0	41	522	522	2	False	85.0	M450	M450	522
192.885	308.027	0	8229.357	<BeadTracker.Bead object at 0x000002EBC8F5FE50>	2.0	41	523	523	2	True	85.0	M450	M450	523
192.749	307.694	0	10861.396	<BeadTracker.Bead object at 0x000002EBC78E9130>	3.0	41	524	524	2	False	85.0	M450	M450	524
193.016	308.165	0	5331.746	<BeadTracker.Bead object at 0x000002EBC78E9160>	1.0	42	525	525	2	False	82.0	M450	M450	525
193.017	307.951	0	8342.688	<BeadTracker.Bead object at 0x000002EBC24A1A90>	2.0	42	526	526	2	True	82.0	M450	M450	526
192.85	307.968	0	10931.513	<BeadTracker.Bead object at 0x000002EBC24A13D0>	3.0	42	527	527	2	False	82.0	M450	M450	527
192.772	307.932	4	9623.887	<BeadTracker.Bead object at 0x000002EBC24A1100>	0.0	0	528	528	2	True	122.0	M450	M450	528
192.873	307.77	4	8611.541	<BeadTracker.Bead object at 0x000002EBBE6643A0>	0.0	0	529	529	2	True	162.0	M450	M450	529
192.889	307.795	4	8294.838	<BeadTracker.Bead object at 0x000002EBBE6649A0>	0.0	0	530	530	2	True	202.0	M450	M450	530
192.896	307.711	4	8250.373	<BeadTracker.Bead object at 0x000002EBC2593CD0>	0.0	0	531	531	2	True	227.0	M450	M450	531
192.943	307.607	4	8164.212	<BeadTracker.Bead object at 0x000002EBC2593340>	0.0	0	532	532	2	True	238.0	M450	M450	532
192.951	307.623	4	8207.492	<BeadTracker.Bead object at 0x000002EBC0BC63D0>	0.0	0	533	533	2	True	236.0	M450	M450	533
192.95	307.479	4	8197.562	<BeadTracker.Bead object at 0x000002EBC0BC6C10>	0.0	0	534	534	2	True	231.0	M450	M450	534
192.974	307.541	4	8265.182	<BeadTracker.Bead object at 0x000002EBC268EBB0>	0.0	0	535	535	2	True	238.0	M450	M450	535
192.965	307.45	4	8292.587	<BeadTracker.Bead object at 0x000002EBC268E400>	0.0	0	536	536	2	True	230.0	M450	M450	536
193.044	307.512	4	8195.623	<BeadTracker.Bead object at 0x000002EBC268EFA0>	0.0	0	537	537	2	True	239.0	M450	M450	537
193.007	307.597	4	8273.989	<BeadTracker.Bead object at 0x000002EBC2F04910>	0.0	0	538	538	2	True	224.0	M450	M450	538
193.017	307.68	4	8307.138	<BeadTracker.Bead object at 0x000002EBC2F04AF0>	0.0	0	539	539	2	True	224.0	M450	M450	539
193.068	307.62	4	8235.142	<BeadTracker.Bead object at 0x000002EBBE81FB80>	0.0	0	540	540	2	True	224.0	M450	M450	540
193.038	307.654	4	8337.3	<BeadTracker.Bead object at 0x000002EBBE81FA30>	0.0	0	541	541	2	True	224.0	M450	M450	541
193.043	307.545	4	8345.988	<BeadTracker.Bead object at 0x000002EBC0E524F0>	0.0	0	542	542	2	True	222.0	M450	M450	542
193.056	307.674	4	8374.596	<BeadTracker.Bead object at 0x000002EBC0E52F10>	0.0	0	543	543	2	True	223.0	M450	M450	543
193.086	307.732	4	8399.331	<BeadTracker.Bead object at 0x000002EBC0E52430>	0.0	0	544	544	2	True	223.0	M450	M450	544
193.106	307.697	4	8375.381	<BeadTracker.Bead object at 0x000002EBC27BF250>	0.0	0	545	545	2	True	222.0	M450	M450	545
193.11	307.776	4	8451.724	<BeadTracker.Bead object at 0x000002EBC27BF7C0>	0.0	0	546	546	2	True	221.0	M450	M450	546
193.093	307.728	4	8493.387	<BeadTracker.Bead object at 0x000002EBBDA49DC0>	0.0	0	547	547	2	True	221.0	M450	M450	547
193.134	307.773	4	8491.903	<BeadTracker.Bead object at 0x000002EBBDA49E50>	0.0	0	548	548	2	True	221.0	M450	M450	548
193.118	307.869	4	8527.06	<BeadTracker.Bead object at 0x000002EBC2732BE0>	0.0	0	549	549	2	True	221.0	M450	M450	549
193.101	308.08	4	8537.642	<BeadTracker.Bead object at 0x000002EBC0E586D0>	0.0	0	550	550	2	True	222.0	M450	M450	550
193.054	308.017	4	8597.351	<BeadTracker.Bead object at 0x000002EBC0E58550>	0.0	0	551	551	2	True	220.0	M450	M450	551
193.041	308.087	4	8621.574	<BeadTracker.Bead object at 0x000002EBC2AAD190>	0.0	0	552	552	2	True	219.0	M450	M450	552
193.048	308.04	4	8598.034	<BeadTracker.Bead object at 0x000002EBC2AAD0D0>	0.0	0	553	553	2	True	219.0	M450	M450	553
193.0	308.183	4	8612.011	<BeadTracker.Bead object at 0x000002EBC1281EE0>	0.0	0	554	554	2	True	221.0	M450	M450	554
192.993	308.217	4	8649.958	<BeadTracker.Bead object at 0x000002EBC12819D0>	0.0	0	555	555	2	True	220.0	M450	M450	555
192.991	308.349	4	8702.604	<BeadTracker.Bead object at 0x000002EBC03CA6A0>	0.0	0	556	556	2	True	217.0	M450	M450	556
192.942	308.415	4	8760.863	<BeadTracker.Bead object at 0x000002EBC03CAFA0>	0.0	0	557	557	2	True	213.0	M450	M450	557
192.9	308.408	4	8747.496	<BeadTracker.Bead object at 0x000002EBBE7C4430>	0.0	0	558	558	2	True	213.0	M450	M450	558
192.843	308.404	4	8809.067	<BeadTracker.Bead object at 0x000002EBBE7C4670>	0.0	0	559	559	2	True	212.0	M450	M450	559
192.824	308.534	4	8838.042	<BeadTracker.Bead object at 0x000002EBC2858460>	0.0	0	560	560	2	True	218.0	M450	M450	560
192.801	308.547	4	8895.873	<BeadTracker.Bead object at 0x000002EBC2858400>	0.0	0	561	561	2	True	218.0	M450	M450	561
192.743	308.63	4	8942.015	<BeadTracker.Bead object at 0x000002EBC28586D0>	0.0	0	562	562	2	True	217.0	M450	M450	562
192.664	308.78	4	8976.715	<BeadTracker.Bead object at 0x000002EBC2E579D0>	0.0	0	563	563	2	True	215.0	M450	M450	563
192.651	308.685	4	9002.809	<BeadTracker.Bead object at 0x000002EBC2E57520>	0.0	0	564	564	2	True	215.0	M450	M450	564
192.594	308.785	4	9067.537	<BeadTracker.Bead object at 0x000002EBC03C1280>	0.0	0	565	565	2	True	212.0	M450	M450	565
192.508	308.829	4	9125.584	<BeadTracker.Bead object at 0x000002EBC03C1340>	0.0	0	566	566	2	True	209.0	M450	M450	566
192.494	308.817	4	9171.253	<BeadTracker.Bead object at 0x000002EBC27DEBE0>	0.0	0	567	567	2	True	204.0	M450	M450	567
192.499	308.853	4	9165.763	<BeadTracker.Bead object at 0x000002EBC27DE460>	0.0	0	568	568	2	True	205.0	M450	M450	568
192.452	308.88	4	9189.816	<BeadTracker.Bead object at 0x000002EBC2420370>	0.0	0	569	569	2	True	204.0	M450	M450	569
192.375	308.917	4	9231.18	<BeadTracker.Bead object at 0x000002EBC24209D0>	0.0	0	570	570	2	True	203.0	M450	M450	570
192.336	308.801	4	9289.177	<BeadTracker.Bead object at 0x000002EBC2090040>	0.0	0	571	571	2	True	203.0	M450	M450	571
192.317	308.917	4	9232.007	<BeadTracker.Bead object at 0x000002EBC2090AF0>	0.0	0	572	572	2	True	202.0	M450	M450	572
192.279	308.951	4	9310.019	<BeadTracker.Bead object at 0x000002EBC2090E50>	0.0	0	573	573	2	True	200.0	M450	M450	573
192.214	309.063	4	9358.615	<BeadTracker.Bead object at 0x000002EBBE808B50>	0.0	0	574	574	2	True	198.0	M450	M450	574
192.199	308.91	4	9363.487	<BeadTracker.Bead object at 0x000002EBBE808E80>	0.0	0	575	575	2	True	200.0	M450	M450	575
192.171	308.912	4	9411.98	<BeadTracker.Bead object at 0x000002EBBE5A2B20>	0.0	0	576	576	2	True	199.0	M450	M450	576
192.108	308.781	4	9524.55	<BeadTracker.Bead object at 0x000002EBBE5A2790>	0.0	0	577	577	2	True	200.0	M450	M450	577
192.064	308.905	4	9479.122	<BeadTracker.Bead object at 0x000002EBBDA633D0>	0.0	0	578	578	2	True	198.0	M450	M450	578
191.963	308.677	4	9613.385	<BeadTracker.Bead object at 0x000002EBBDA63A00>	0.0	0	579	579	2	True	181.0	M450	M450	579
191.936	308.663	4	9680.111	<BeadTracker.Bead object at 0x000002EBBDA638E0>	0.0	0	580	580	2	True	181.0	M450	M450	580
191.883	308.587	4	9736.724	<BeadTracker.Bead object at 0x000002EBC04BE280>	0.0	0	581	581	2	True	180.0	M450	M450	581
191.819	308.496	4	9827.429	<BeadTracker.Bead object at 0x000002EBC04BE940>	0.0	0	582	582	2	True	190.0	M450	M450	582
191.819	308.437	4	9796.577	<BeadTracker.Bead object at 0x000002EBBDA7C250>	0.0	0	583	583	2	True	191.0	M450	M450	583
191.746	308.445	4	9822.641	<BeadTracker.Bead object at 0x000002EBBDA7CA90>	0.0	0	584	584	2	True	190.0	M450	M450	584
191.692	308.454	4	9862.505	<BeadTracker.Bead object at 0x000002EBC25A4550>	0.0	0	585	585	2	True	190.0	M450	M450	585
191.628	308.269	4	9915.122	<BeadTracker.Bead object at 0x000002EBC25A42E0>	0.0	0	586	586	2	True	188.0	M450	M450	586
191.621	308.186	4	9905.056	<BeadTracker.Bead object at 0x000002EBC2400250>	0.0	0	587	587	2	True	187.0	M450	M450	587
191.62	308.177	4	9948.254	<BeadTracker.Bead object at 0x000002EBC29E6940>	0.0	0	588	588	2	True	169.0	M450	M450	588
191.555	308.096	4	9982.548	<BeadTracker.Bead object at 0x000002EBC29E6FD0>	0.0	0	589	589	2	True	169.0	M450	M450	589
191.524	308.098	4	9971.407	<BeadTracker.Bead object at 0x000002EBC2DF1190>	0.0	0	590	590	2	True	169.0	M450	M450	590
191.444	307.923	4	10004.458	<BeadTracker.Bead object at 0x000002EBC2DF1C40>	0.0	0	591	591	2	True	179.0	M450	M450	591
191.422	307.855	4	10034.829	<BeadTracker.Bead object at 0x000002EBC2DF12B0>	0.0	0	592	592	2	True	179.0	M450	M450	592
191.328	307.833	4	10053.197	<BeadTracker.Bead object at 0x000002EBBE777940>	0.0	0	593	593	2	True	179.0	M450	M450	593
191.285	308.038	4	10039.03	<BeadTracker.Bead object at 0x000002EBBE777670>	0.0	0	594	594	2	True	177.0	M450	M450	594
191.249	308.214	4	10084.542	<BeadTracker.Bead object at 0x000002EBBE5A6D00>	0.0	0	595	595	2	True	159.0	M450	M450	595
191.234	308.354	4	10077.697	<BeadTracker.Bead object at 0x000002EBBE5A6D30>	0.0	0	596	596	2	True	154.0	M450	M450	596
191.25	308.353	4	10068.919	<BeadTracker.Bead object at 0x000002EBC4CCA370>	0.0	0	597	597	2	True	156.0	M450	M450	597
191.276	308.37	4	10065.615	<BeadTracker.Bead object at 0x000002EBC4CCAEE0>	0.0	0	598	598	2	True	156.0	M450	M450	598
191.24	308.477	4	10034.124	<BeadTracker.Bead object at 0x000002EBC2E4D370>	0.0	0	599	599	2	True	154.0	M450	M450	599
191.262	308.552	4	10039.536	<BeadTracker.Bead object at 0x000002EBC2E4D100>	0.0	0	600	600	2	True	179.0	M450	M450	600
191.332	308.641	4	9967.307	<BeadTracker.Bead object at 0x000002EBC2E4DF40>	0.0	0	601	601	2	True	179.0	M450	M450	601
191.31	308.659	4	9968.51	<BeadTracker.Bead object at 0x000002EBC2DF20D0>	0.0	0	602	602	2	True	179.0	M450	M450	602
191.323	308.715	4	9940.026	<BeadTracker.Bead object at 0x000002EBC2DF2AC0>	0.0	0	603	603	2	True	179.0	M450	M450	603
191.277	308.828	4	9978.213	<BeadTracker.Bead object at 0x000002EBC2F48F40>	0.0	0	604	604	2	True	179.0	M450	M450	604
191.286	308.826	4	9895.929	<BeadTracker.Bead object at 0x000002EBC2F48A30>	0.0	0	605	605	2	True	179.0	M450	M450	605
191.323	308.877	4	9877.583	<BeadTracker.Bead object at 0x000002EBC740C220>	0.0	0	606	606	2	True	179.0	M450	M450	606
191.358	308.917	4	9895.359	<BeadTracker.Bead object at 0x000002EBC740CA00>	0.0	0	607	607	2	True	179.0	M450	M450	607
191.379	308.956	4	9852.164	<BeadTracker.Bead object at 0x000002EBBFAC7E20>	0.0	0	608	608	2	True	180.0	M450	M450	608
191.42	308.938	4	9804.704	<BeadTracker.Bead object at 0x000002EBBFAC7EB0>	0.0	0	609	609	2	True	179.0	M450	M450	609
191.479	309.045	4	9784.229	<BeadTracker.Bead object at 0x000002EBC2E9F1F0>	0.0	0	610	610	2	True	180.0	M450	M450	610
191.462	309.059	4	9811.091	<BeadTracker.Bead object at 0x000002EBC2E9F9A0>	0.0	0	611	611	2	True	180.0	M450	M450	611
191.554	309.016	4	9765.913	<BeadTracker.Bead object at 0x000002EBC2E9FE80>	0.0	0	612	612	2	True	185.0	M450	M450	612
191.551	309.015	4	9748.365	<BeadTracker.Bead object at 0x000002EBC2EB0700>	0.0	0	613	613	2	True	187.0	M450	M450	613
191.583	309.039	4	9743.278	<BeadTracker.Bead object at 0x000002EBC2EB09D0>	0.0	0	614	614	2	True	186.0	M450	M450	614
191.597	309.012	4	9688.51	<BeadTracker.Bead object at 0x000002EBC25D38B0>	0.0	0	615	615	2	True	186.0	M450	M450	615
191.649	309.048	4	9719.515	<BeadTracker.Bead object at 0x000002EBC25D3F40>	0.0	0	616	616	2	True	189.0	M450	M450	616
191.676	309.023	4	9646.614	<BeadTracker.Bead object at 0x000002EBC2E93460>	0.0	0	617	617	2	True	188.0	M450	M450	617
191.7	309.067	4	9610.066	<BeadTracker.Bead object at 0x000002EBC2E93730>	0.0	0	618	618	2	True	190.0	M450	M450	618
191.733	309.054	4	9590.917	<BeadTracker.Bead object at 0x000002EBC2E99400>	0.0	0	619	619	2	True	191.0	M450	M450	619
191.734	309.048	4	9570.623	<BeadTracker.Bead object at 0x000002EBC2E99F40>	0.0	0	620	620	2	True	190.0	M450	M450	620
191.79	308.991	4	9550.976	<BeadTracker.Bead object at 0x000002EBCEFFC880>	0.0	0	621	621	2	True	189.0	M450	M450	621
191.808	309.103	4	9551.235	<BeadTracker.Bead object at 0x000002EBCEFFCE20>	0.0	0	622	622	2	True	193.0	M450	M450	622
191.801	309.158	4	9537.715	<BeadTracker.Bead object at 0x000002EBC0835A00>	0.0	0	623	623	2	True	191.0	M450	M450	623
191.816	309.099	4	9500.586	<BeadTracker.Bead object at 0x000002EBC08352E0>	0.0	0	624	624	2	True	192.0	M450	M450	624
191.878	309.053	4	9455.144	<BeadTracker.Bead object at 0x000002EBCEFF5460>	0.0	0	625	625	2	True	194.0	M450	M450	625
191.855	309.2	4	9454.567	<BeadTracker.Bead object at 0x000002EBCEFF5910>	0.0	0	626	626	2	True	193.0	M450	M450	626
191.917	309.03	4	9388.68	<BeadTracker.Bead object at 0x000002EBCEFE1490>	0.0	0	627	627	2	True	197.0	M450	M450	627
191.914	309.055	4	9374.57	<BeadTracker.Bead object at 0x000002EBCEFE1340>	0.0	0	628	628	2	True	197.0	M450	M450	628
191.889	309.04	4	9358.088	<BeadTracker.Bead object at 0x000002EBCF012340>	0.0	0	629	629	2	True	196.0	M450	M450	629
191.944	308.927	4	9311.818	<BeadTracker.Bead object at 0x000002EBCF012880>	0.0	0	630	630	2	True	200.0	M450	M450	630
191.974	309.043	4	9302.315	<BeadTracker.Bead object at 0x000002EBCF00C550>	0.0	0	631	631	2	True	199.0	M450	M450	631
191.996	309.029	4	9251.576	<BeadTracker.Bead object at 0x000002EBCF00C0A0>	0.0	0	632	632	2	True	200.0	M450	M450	632
192.003	308.884	4	9257.177	<BeadTracker.Bead object at 0x000002EBBE755AC0>	0.0	0	633	633	2	True	202.0	M450	M450	633
192.017	308.954	4	9251.559	<BeadTracker.Bead object at 0x000002EBBE755DF0>	0.0	0	634	634	2	True	202.0	M450	M450	634
192.089	308.942	4	9151.343	<BeadTracker.Bead object at 0x000002EBCEFE47F0>	0.0	0	635	635	2	True	203.0	M450	M450	635
192.09	309.032	4	9134.499	<BeadTracker.Bead object at 0x000002EBCEFE4A30>	0.0	0	636	636	2	True	204.0	M450	M450	636
192.108	308.952	4	9075.067	<BeadTracker.Bead object at 0x000002EBCEFE8550>	0.0	0	637	637	2	True	205.0	M450	M450	637
192.145	309.053	4	9048.67	<BeadTracker.Bead object at 0x000002EBCEFE8A30>	0.0	0	638	638	2	True	207.0	M450	M450	638
192.132	308.859	4	9056.3	<BeadTracker.Bead object at 0x000002EBCEFE8E80>	0.0	0	639	639	2	True	206.0	M450	M450	639
192.119	308.833	4	9021.88	<BeadTracker.Bead object at 0x000002EBCEFED550>	0.0	0	640	640	2	True	211.0	M450	M450	640
192.227	308.786	4	8952.223	<BeadTracker.Bead object at 0x000002EBBC765DC0>	0.0	0	641	641	2	True	214.0	M450	M450	641
192.21	308.722	4	8942.175	<BeadTracker.Bead object at 0x000002EBBC765C40>	0.0	0	642	642	2	True	215.0	M450	M450	642
192.221	308.787	4	8943.242	<BeadTracker.Bead object at 0x000002EBBC7654F0>	0.0	0	643	643	2	True	215.0	M450	M450	643
192.202	308.693	4	8991.355	<BeadTracker.Bead object at 0x000002EBBFA25AF0>	0.0	0	644	644	2	True	215.0	M450	M450	644
192.237	308.575	4	8897.135	<BeadTracker.Bead object at 0x000002EBBFA25790>	0.0	0	645	645	2	True	217.0	M450	M450	645
192.299	308.753	4	8932.595	<BeadTracker.Bead object at 0x000002EBBFA1B5B0>	0.0	0	646	646	2	True	216.0	M450	M450	646
192.288	308.589	4	8841.442	<BeadTracker.Bead object at 0x000002EBBFA1BCA0>	0.0	0	647	647	2	True	218.0	M450	M450	647
192.308	308.46	4	8860.291	<BeadTracker.Bead object at 0x000002EBC2B2F8B0>	0.0	0	648	648	2	True	210.0	M450	M450	648
192.352	308.479	4	8856.45	<BeadTracker.Bead object at 0x000002EBBF9FD070>	0.0	0	649	649	2	True	210.0	M450	M450	649
192.417	308.459	4	8813.659	<BeadTracker.Bead object at 0x000002EBBF9FDAF0>	0.0	0	650	650	2	True	211.0	M450	M450	650
192.455	308.442	4	8746.62	<BeadTracker.Bead object at 0x000002EBBF9FE190>	0.0	0	651	651	2	True	212.0	M450	M450	651
192.453	308.261	4	8786.714	<BeadTracker.Bead object at 0x000002EBBF9FE8E0>	0.0	0	652	652	2	True	212.0	M450	M450	652
192.445	308.308	4	8785.693	<BeadTracker.Bead object at 0x000002EBBFA182B0>	0.0	0	653	653	2	True	212.0	M450	M450	653
192.384	308.47	4	8812.166	<BeadTracker.Bead object at 0x000002EBBFA18310>	0.0	0	654	654	2	True	211.0	M450	M450	654
192.447	308.267	4	8791.275	<BeadTracker.Bead object at 0x000002EBBFA0A910>	0.0	0	655	655	2	True	213.0	M450	M450	655
192.493	308.275	4	8725.167	<BeadTracker.Bead object at 0x000002EBBFA0A5B0>	0.0	0	656	656	2	True	214.0	M450	M450	656
192.477	308.293	4	8696.579	<BeadTracker.Bead object at 0x000002EBC28805E0>	0.0	0	657	657	2	True	214.0	M450	M450	657
192.562	308.328	4	8699.082	<BeadTracker.Bead object at 0x000002EBC2880F70>	0.0	0	658	658	2	True	223.0	M450	M450	658
192.515	308.368	4	8670.371	<BeadTracker.Bead object at 0x000002EBC28804C0>	0.0	0	659	659	2	True	225.0	M450	M450	659
192.533	308.339	4	8668.725	<BeadTracker.Bead object at 0x000002EBBFA0C5B0>	0.0	0	660	660	2	True	225.0	M450	M450	660
192.549	308.546	0	5796.186	<BeadTracker.Bead object at 0x000002EBBFA0CCA0>	1.0	43	661	661	2	False	186.0	M450	M450	661
192.487	308.411	0	8786.231	<BeadTracker.Bead object at 0x000002EBBFA011F0>	2.0	43	662	662	2	True	186.0	M450	M450	662
192.375	308.447	0	11160.289	<BeadTracker.Bead object at 0x000002EBBFA01EB0>	3.0	43	663	663	2	False	186.0	M450	M450	663
192.534	309.017	0	5819.266	<BeadTracker.Bead object at 0x000002EBCC4F6AF0>	1.0	44	664	664	2	False	147.0	M450	M450	664
192.593	308.786	0	8885.09	<BeadTracker.Bead object at 0x000002EBCC4F6C70>	2.0	44	665	665	2	True	147.0	M450	M450	665
192.43	308.821	0	11175.331	<BeadTracker.Bead object at 0x000002EBC03EC910>	3.0	44	666	666	2	False	147.0	M450	M450	666
192.714	308.793	0	5782.05	<BeadTracker.Bead object at 0x000002EBC03EC130>	1.0	45	667	667	1	False	112.0	M450	M450	667
192.689	308.597	0	8848.635	<BeadTracker.Bead object at 0x000002EBCC513700>	2.0	45	668	668	2	True	112.0	M450	M450	668
192.532	308.478	0	11172.281	<BeadTracker.Bead object at 0x000002EBCC513A90>	3.0	45	669	669	2	False	112.0	M450	M450	669
192.784	308.771	0	5767.353	<BeadTracker.Bead object at 0x000002EBCC4F30D0>	1.0	46	670	670	1	False	77.0	M450	M450	670
192.92	308.576	0	8811.393	<BeadTracker.Bead object at 0x000002EBCC4F3E80>	2.0	46	671	671	2	True	77.0	M450	M450	671
192.68	308.65	0	11153.636	<BeadTracker.Bead object at 0x000002EBCC4FB880>	3.0	46	672	672	2	False	77.0	M450	M450	672
192.974	308.772	0	5800.956	<BeadTracker.Bead object at 0x000002EBCC4FBB20>	1.0	47	673	673	1	False	62.0	M450	M450	673
192.978	308.537	0	8842.937	<BeadTracker.Bead object at 0x000002EBC0DF5E50>	2.0	47	674	674	2	True	62.0	M450	M450	674
192.768	308.425	0	11191.896	<BeadTracker.Bead object at 0x000002EBC0DF5250>	3.0	47	675	675	2	False	62.0	M450	M450	675
193.059	308.809	0	5801.256	<BeadTracker.Bead object at 0x000002EBCC503640>	1.0	48	676	676	1	False	63.0	M450	M450	676
192.919	308.655	0	8838.33	<BeadTracker.Bead object at 0x000002EBCC503880>	2.0	48	677	677	2	True	63.0	M450	M450	677
192.838	308.711	0	11159.148	<BeadTracker.Bead object at 0x000002EBCC507040>	3.0	48	678	678	2	False	63.0	M450	M450	678
193.596	309.408	0	5792.896	<BeadTracker.Bead object at 0x000002EBCC507E20>	1.0	49	680	680	2	False	64.0	M450	M450	680
193.612	309.077	0	8885.673	<BeadTracker.Bead object at 0x000002EBCC5148B0>	2.0	49	681	681	2	True	64.0	M450	M450	681
193.403	309.23	0	11161.818	<BeadTracker.Bead object at 0x000002EBCC514E20>	3.0	49	682	682	2	False	64.0	M450	M450	682
193.457	309.732	0	5805.021	<BeadTracker.Bead object at 0x000002EBC2872970>	1.0	50	683	683	2	False	64.0	M450	M450	683
193.576	309.381	0	8800.804	<BeadTracker.Bead object at 0x000002EBC28727F0>	2.0	50	684	684	2	True	64.0	M450	M450	684
193.276	309.546	0	11117.397	<BeadTracker.Bead object at 0x000002EBCC51D520>	3.0	50	685	685	2	False	64.0	M450	M450	685
193.35	310.057	0	5750.814	<BeadTracker.Bead object at 0x000002EBCC51D8B0>	1.0	51	686	686	2	False	63.0	M450	M450	686
193.433	309.722	0	8825.489	<BeadTracker.Bead object at 0x000002EBC292E130>	2.0	51	687	687	2	True	63.0	M450	M450	687
193.132	309.824	0	11089.842	<BeadTracker.Bead object at 0x000002EBC292EF40>	3.0	51	688	688	2	False	63.0	M450	M450	688
193.424	310.144	0	5753.639	<BeadTracker.Bead object at 0x000002EBC294D6D0>	1.0	52	689	689	2	False	58.0	M450	M450	689
193.438	310.005	0	8782.045	<BeadTracker.Bead object at 0x000002EBC294DB50>	2.0	52	690	690	2	True	58.0	M450	M450	690
193.273	309.965	0	11107.878	<BeadTracker.Bead object at 0x000002EBC2923310>	3.0	52	691	691	2	False	58.0	M450	M450	691
193.459	310.377	0	5737.672	<BeadTracker.Bead object at 0x000002EBC2923C10>	1.0	53	692	692	2	False	62.0	M450	M450	692
193.4	310.209	0	8711.73	<BeadTracker.Bead object at 0x000002EBC2924220>	2.0	53	693	693	2	True	62.0	M450	M450	693
193.246	310.138	0	11119.092	<BeadTracker.Bead object at 0x000002EBC29243A0>	3.0	53	694	694	2	False	62.0	M450	M450	694
193.443	310.182	0	5804.489	<BeadTracker.Bead object at 0x000002EBCBE867F0>	1.0	54	695	695	2	False	64.0	M450	M450	695
193.291	309.942	0	8816.957	<BeadTracker.Bead object at 0x000002EBCBE86BE0>	2.0	54	696	696	2	True	64.0	M450	M450	696
193.179	309.9	0	11171.223	<BeadTracker.Bead object at 0x000002EBCBE86D30>	3.0	54	697	697	2	False	64.0	M450	M450	697
192.988	309.979	5	10126.869	<BeadTracker.Bead object at 0x000002EBC2944970>	0.0	0	698	698	2	True	104.0	M450	M450	698
193.103	309.897	5	9163.684	<BeadTracker.Bead object at 0x000002EBC2944C70>	0.0	0	699	699	2	True	144.0	M450	M450	699
193.198	309.997	5	8871.232	<BeadTracker.Bead object at 0x000002EBC292B910>	0.0	0	700	700	2	True	184.0	M450	M450	700
193.258	309.813	5	8702.372	<BeadTracker.Bead object at 0x000002EBC292B9D0>	0.0	0	701	701	2	True	219.0	M450	M450	701
193.258	309.923	5	8723.132	<BeadTracker.Bead object at 0x000002EBC29110A0>	0.0	0	702	702	2	True	218.0	M450	M450	702
193.298	309.95	5	8761.598	<BeadTracker.Bead object at 0x000002EBC2911DC0>	0.0	0	703	703	2	True	217.0	M450	M450	703
193.298	309.981	5	8780.606	<BeadTracker.Bead object at 0x000002EBCF0038B0>	0.0	0	704	704	2	True	216.0	M450	M450	704
193.318	309.87	5	8736.418	<BeadTracker.Bead object at 0x000002EBCF003CA0>	0.0	0	705	705	2	True	217.0	M450	M450	705
193.319	309.848	5	8777.466	<BeadTracker.Bead object at 0x000002EBC29130D0>	0.0	0	706	706	2	True	218.0	M450	M450	706
193.277	309.816	5	8864.601	<BeadTracker.Bead object at 0x000002EBC2913F10>	0.0	0	707	707	2	True	217.0	M450	M450	707
193.307	309.796	5	8861.194	<BeadTracker.Bead object at 0x000002EBC2848760>	0.0	0	708	708	2	True	217.0	M450	M450	708
193.322	309.874	5	8866.619	<BeadTracker.Bead object at 0x000002EBC2848CD0>	0.0	0	709	709	2	True	216.0	M450	M450	709
193.327	309.93	5	8839.263	<BeadTracker.Bead object at 0x000002EBC2815190>	0.0	0	710	710	2	True	215.0	M450	M450	710
193.371	309.918	5	8862.319	<BeadTracker.Bead object at 0x000002EBC2815760>	0.0	0	711	711	2	True	214.0	M450	M450	711
193.383	309.952	5	8863.784	<BeadTracker.Bead object at 0x000002EBC2A01F10>	0.0	0	712	712	2	True	215.0	M450	M450	712
193.387	309.826	5	8848.311	<BeadTracker.Bead object at 0x000002EBC2A01F70>	0.0	0	713	713	2	True	216.0	M450	M450	713
193.353	309.946	5	8903.2	<BeadTracker.Bead object at 0x000002EBC2820280>	0.0	0	714	714	2	True	214.0	M450	M450	714
193.329	309.929	5	8957.044	<BeadTracker.Bead object at 0x000002EBC2820CD0>	0.0	0	715	715	2	True	213.0	M450	M450	715
193.306	309.992	5	8951.151	<BeadTracker.Bead object at 0x000002EBC2849700>	0.0	0	716	716	2	True	212.0	M450	M450	716
193.353	310.008	5	8885.511	<BeadTracker.Bead object at 0x000002EBC2849C70>	0.0	0	717	717	2	True	212.0	M450	M450	717
193.315	310.005	5	8939.573	<BeadTracker.Bead object at 0x000002EBC28300A0>	0.0	0	718	718	2	True	212.0	M450	M450	718
193.294	310.033	5	8984.188	<BeadTracker.Bead object at 0x000002EBC28307F0>	0.0	0	719	719	2	True	209.0	M450	M450	719
193.281	310.137	5	8972.233	<BeadTracker.Bead object at 0x000002EBC284D070>	0.0	0	720	720	2	True	209.0	M450	M450	720
193.256	310.152	5	9003.41	<BeadTracker.Bead object at 0x000002EBC284DF40>	0.0	0	721	721	2	True	208.0	M450	M450	721
193.247	310.267	5	9016.837	<BeadTracker.Bead object at 0x000002EBC872AD60>	0.0	0	722	722	2	True	209.0	M450	M450	722
193.216	310.259	5	9096.329	<BeadTracker.Bead object at 0x000002EBC872A820>	0.0	0	723	723	2	True	206.0	M450	M450	723
193.175	310.3	5	9108.06	<BeadTracker.Bead object at 0x000002EBC28332E0>	0.0	0	724	724	2	True	206.0	M450	M450	724
193.137	310.436	5	9153.172	<BeadTracker.Bead object at 0x000002EBC2833C10>	0.0	0	725	725	2	True	206.0	M450	M450	725
193.118	310.419	5	9175.902	<BeadTracker.Bead object at 0x000002EBC2819070>	0.0	0	726	726	2	True	205.0	M450	M450	726
193.11	310.464	5	9219.265	<BeadTracker.Bead object at 0x000002EBC2819610>	0.0	0	727	727	2	True	205.0	M450	M450	727
193.11	310.48	5	9223.09	<BeadTracker.Bead object at 0x000002EBBDA60F10>	0.0	0	728	728	2	True	204.0	M450	M450	728
193.051	310.369	5	9262.72	<BeadTracker.Bead object at 0x000002EBBDA60CA0>	0.0	0	729	729	2	True	198.0	M450	M450	729
193.031	310.462	5	9319.295	<BeadTracker.Bead object at 0x000002EBC283A760>	0.0	0	730	730	2	True	195.0	M450	M450	730
192.968	310.503	5	9308.959	<BeadTracker.Bead object at 0x000002EBC283ACD0>	0.0	0	731	731	2	True	204.0	M450	M450	731
192.976	310.528	5	9308.645	<BeadTracker.Bead object at 0x000002EBC295F340>	0.0	0	732	732	2	True	206.0	M450	M450	732
192.899	310.601	5	9400.101	<BeadTracker.Bead object at 0x000002EBC295F490>	0.0	0	733	733	2	True	203.0	M450	M450	733
192.889	310.591	5	9359.693	<BeadTracker.Bead object at 0x000002EBC29582E0>	0.0	0	734	734	2	True	203.0	M450	M450	734
192.889	310.629	5	9372.125	<BeadTracker.Bead object at 0x000002EBC2958F70>	0.0	0	735	735	2	True	202.0	M450	M450	735
192.838	310.687	5	9444.769	<BeadTracker.Bead object at 0x000002EBC1F179A0>	0.0	0	736	736	2	True	202.0	M450	M450	736
192.808	310.705	5	9458.359	<BeadTracker.Bead object at 0x000002EBC1F173A0>	0.0	0	737	737	2	True	201.0	M450	M450	737
192.767	310.762	5	9388.603	<BeadTracker.Bead object at 0x000002EBC298C580>	0.0	0	738	738	2	True	201.0	M450	M450	738
192.701	310.634	5	9467.202	<BeadTracker.Bead object at 0x000002EBC298CAF0>	0.0	0	739	739	2	True	202.0	M450	M450	739
192.693	310.623	5	9482.542	<BeadTracker.Bead object at 0x000002EBC29591F0>	0.0	0	740	740	2	True	201.0	M450	M450	740
192.636	310.647	5	9517.942	<BeadTracker.Bead object at 0x000002EBC29594F0>	0.0	0	741	741	2	True	200.0	M450	M450	741
192.591	310.634	5	9573.131	<BeadTracker.Bead object at 0x000002EBC296E460>	0.0	0	742	742	2	True	200.0	M450	M450	742
192.633	310.689	5	9573.706	<BeadTracker.Bead object at 0x000002EBC296E9A0>	0.0	0	743	743	2	True	182.0	M450	M450	743
192.609	310.757	5	9540.053	<BeadTracker.Bead object at 0x000002EBC298E430>	0.0	0	744	744	2	True	199.0	M450	M450	744
192.582	310.622	5	9588.716	<BeadTracker.Bead object at 0x000002EBC298E5E0>	0.0	0	745	745	2	True	200.0	M450	M450	745
192.495	310.622	5	9627.742	<BeadTracker.Bead object at 0x000002EBC0828F40>	0.0	0	746	746	2	True	180.0	M450	M450	746
192.521	310.625	5	9699.405	<BeadTracker.Bead object at 0x000002EBC0828970>	0.0	0	747	747	2	True	181.0	M450	M450	747
192.423	310.55	5	9668.26	<BeadTracker.Bead object at 0x000002EBC2979190>	0.0	0	748	748	2	True	180.0	M450	M450	748
192.44	310.476	5	9693.715	<BeadTracker.Bead object at 0x000002EBC2979C10>	0.0	0	749	749	2	True	190.0	M450	M450	749
192.38	310.447	5	9723.846	<BeadTracker.Bead object at 0x000002EBC2980640>	0.0	0	750	750	2	True	190.0	M450	M450	750
192.347	310.525	5	9771.337	<BeadTracker.Bead object at 0x000002EBC2980BB0>	0.0	0	751	751	2	True	180.0	M450	M450	751
192.304	310.54	5	9810.624	<BeadTracker.Bead object at 0x000002EBC310E220>	0.0	0	752	752	2	True	180.0	M450	M450	752
192.263	310.402	5	9829.394	<BeadTracker.Bead object at 0x000002EBC310E460>	0.0	0	753	753	2	True	189.0	M450	M450	753
192.213	310.437	5	9884.749	<BeadTracker.Bead object at 0x000002EBBE70E2E0>	0.0	0	754	754	2	True	189.0	M450	M450	754
192.149	310.211	5	9898.781	<BeadTracker.Bead object at 0x000002EBBE70E640>	0.0	0	755	755	2	True	170.0	M450	M450	755
192.12	310.162	5	9911.69	<BeadTracker.Bead object at 0x000002EBBE70E6A0>	0.0	0	756	756	2	True	171.0	M450	M450	756
192.107	310.109	5	9968.582	<BeadTracker.Bead object at 0x000002EBC30F9220>	0.0	0	757	757	2	True	174.0	M450	M450	757
192.052	310.032	5	9993.342	<BeadTracker.Bead object at 0x000002EBC30F9F40>	0.0	0	758	758	2	True	178.0	M450	M450	758
192.006	310.0	5	10009.945	<BeadTracker.Bead object at 0x000002EBC30F4700>	0.0	0	759	759	2	True	178.0	M450	M450	759
191.909	309.969	5	10092.22	<BeadTracker.Bead object at 0x000002EBC30F4C40>	0.0	0	760	760	2	True	178.0	M450	M450	760
191.875	309.889	5	10083.216	<BeadTracker.Bead object at 0x000002EBC310C4C0>	0.0	0	761	761	2	True	178.0	M450	M450	761
191.825	309.785	5	10102.362	<BeadTracker.Bead object at 0x000002EBC310CA30>	0.0	0	762	762	2	True	179.0	M450	M450	762
191.75	309.635	5	10166.88	<BeadTracker.Bead object at 0x000002EBC821A1F0>	0.0	0	763	763	2	True	179.0	M450	M450	763
191.721	309.671	5	10162.772	<BeadTracker.Bead object at 0x000002EBC821AB50>	0.0	0	764	764	2	True	179.0	M450	M450	764
191.747	309.817	5	10125.695	<BeadTracker.Bead object at 0x000002EBC30FEA90>	0.0	0	765	765	2	True	179.0	M450	M450	765
191.733	309.961	5	10161.515	<BeadTracker.Bead object at 0x000002EBC30FEA60>	0.0	0	766	766	2	True	178.0	M450	M450	766
191.726	310.039	5	10105.966	<BeadTracker.Bead object at 0x000002EBC30FC8E0>	0.0	0	767	767	2	True	164.0	M450	M450	767
191.719	310.084	5	10088.176	<BeadTracker.Bead object at 0x000002EBC30FCD30>	0.0	0	768	768	2	True	168.0	M450	M450	768
191.752	310.163	5	10099.171	<BeadTracker.Bead object at 0x000002EBC30FB400>	0.0	0	769	769	2	True	167.0	M450	M450	769
191.754	310.222	5	10042.547	<BeadTracker.Bead object at 0x000002EBC30FBF10>	0.0	0	770	770	2	True	168.0	M450	M450	770
191.742	310.287	5	10016.274	<BeadTracker.Bead object at 0x000002EBC1F0EF10>	0.0	0	771	771	2	True	168.0	M450	M450	771
191.799	310.297	5	10024.91	<BeadTracker.Bead object at 0x000002EBC1F0E7C0>	0.0	0	772	772	2	True	168.0	M450	M450	772
191.814	310.359	5	9994.632	<BeadTracker.Bead object at 0x000002EBC31080D0>	0.0	0	773	773	2	True	168.0	M450	M450	773
191.853	310.447	5	9961.834	<BeadTracker.Bead object at 0x000002EBC3108F10>	0.0	0	774	774	2	True	168.0	M450	M450	774
191.868	310.534	5	9969.501	<BeadTracker.Bead object at 0x000002EBC2475820>	0.0	0	775	775	2	True	180.0	M450	M450	775
191.87	310.499	5	9983.912	<BeadTracker.Bead object at 0x000002EBC2475CD0>	0.0	0	776	776	2	True	189.0	M450	M450	776
191.926	310.556	5	9881.482	<BeadTracker.Bead object at 0x000002EBC247F0A0>	0.0	0	777	777	2	True	180.0	M450	M450	777
191.962	310.549	5	9928.39	<BeadTracker.Bead object at 0x000002EBC247F790>	0.0	0	778	778	2	True	180.0	M450	M450	778
191.977	310.645	5	9897.319	<BeadTracker.Bead object at 0x000002EBC2485730>	0.0	0	779	779	2	True	180.0	M450	M450	779
192.043	310.66	5	9880.851	<BeadTracker.Bead object at 0x000002EBC2485FA0>	0.0	0	780	780	2	True	180.0	M450	M450	780
192.056	310.687	5	9883.855	<BeadTracker.Bead object at 0x000002EBBE665FA0>	0.0	0	781	781	2	True	180.0	M450	M450	781
192.113	310.756	5	9817.301	<BeadTracker.Bead object at 0x000002EBBE6654F0>	0.0	0	782	782	2	True	180.0	M450	M450	782
192.145	310.788	5	9820.533	<BeadTracker.Bead object at 0x000002EBC248A490>	0.0	0	783	783	2	True	180.0	M450	M450	783
192.179	310.744	5	9829.093	<BeadTracker.Bead object at 0x000002EBC248A9D0>	0.0	0	784	784	2	True	180.0	M450	M450	784
192.21	310.914	5	9725.769	<BeadTracker.Bead object at 0x000002EBC248D070>	0.0	0	785	785	2	True	181.0	M450	M450	785
192.223	310.874	5	9687.301	<BeadTracker.Bead object at 0x000002EBC248D5E0>	0.0	0	786	786	2	True	181.0	M450	M450	786
192.258	310.791	5	9693.599	<BeadTracker.Bead object at 0x000002EBC245B730>	0.0	0	787	787	2	True	181.0	M450	M450	787
192.297	310.881	5	9646.145	<BeadTracker.Bead object at 0x000002EBC245BA90>	0.0	0	788	788	2	True	181.0	M450	M450	788
192.326	310.953	5	9604.796	<BeadTracker.Bead object at 0x000002EBC24701F0>	0.0	0	789	789	2	True	183.0	M450	M450	789
192.344	311.04	5	9613.483	<BeadTracker.Bead object at 0x000002EBC2470A00>	0.0	0	790	790	2	True	183.0	M450	M450	790
192.385	310.902	5	9561.601	<BeadTracker.Bead object at 0x000002EBC2452250>	0.0	0	791	791	2	True	182.0	M450	M450	791
192.381	310.905	5	9539.604	<BeadTracker.Bead object at 0x000002EBC2452A90>	0.0	0	792	792	2	True	183.0	M450	M450	792
192.425	311.045	5	9577.04	<BeadTracker.Bead object at 0x000002EBBD9126D0>	0.0	0	793	793	2	True	186.0	M450	M450	793
192.453	311.068	5	9526.816	<BeadTracker.Bead object at 0x000002EBBD912C40>	0.0	0	794	794	2	True	195.0	M450	M450	794
192.417	311.178	5	9517.684	<BeadTracker.Bead object at 0x000002EBBD915310>	0.0	0	795	795	2	True	190.0	M450	M450	795
192.46	311.159	5	9459.712	<BeadTracker.Bead object at 0x000002EBBD9156A0>	0.0	0	796	796	2	True	193.0	M450	M450	796
192.514	311.031	5	9427.238	<BeadTracker.Bead object at 0x000002EBBD90A430>	0.0	0	797	797	2	True	197.0	M450	M450	797
192.546	311.077	5	9381.738	<BeadTracker.Bead object at 0x000002EBBD90AEB0>	0.0	0	798	798	2	True	197.0	M450	M450	798
192.568	311.131	5	9416.288	<BeadTracker.Bead object at 0x000002EBBD92D100>	0.0	0	799	799	2	True	197.0	M450	M450	799
192.495	311.198	5	9421.238	<BeadTracker.Bead object at 0x000002EBBD92D760>	0.0	0	800	800	2	True	195.0	M450	M450	800
192.537	311.029	5	9390.743	<BeadTracker.Bead object at 0x000002EBBD911040>	0.0	0	801	801	2	True	199.0	M450	M450	801
192.575	311.112	5	9365.309	<BeadTracker.Bead object at 0x000002EBBD911CA0>	0.0	0	802	802	2	True	198.0	M450	M450	802
192.527	310.96	5	9398.159	<BeadTracker.Bead object at 0x000002EBC301E940>	0.0	0	803	803	2	True	200.0	M450	M450	803
192.555	310.935	5	9331.762	<BeadTracker.Bead object at 0x000002EBC301E850>	0.0	0	804	804	2	True	201.0	M450	M450	804
192.556	310.927	5	9328.862	<BeadTracker.Bead object at 0x000002EBBD91C0D0>	0.0	0	805	805	2	True	202.0	M450	M450	805
192.597	310.965	5	9248.916	<BeadTracker.Bead object at 0x000002EBBD91CD60>	0.0	0	806	806	2	True	203.0	M450	M450	806
192.621	310.907	5	9268.597	<BeadTracker.Bead object at 0x000002EBBD904100>	0.0	0	807	807	2	True	203.0	M450	M450	807
192.605	310.894	5	9271.605	<BeadTracker.Bead object at 0x000002EBBD904850>	0.0	0	808	808	2	True	204.0	M450	M450	808
192.625	310.96	5	9269.396	<BeadTracker.Bead object at 0x000002EBBD901100>	0.0	0	809	809	2	True	203.0	M450	M450	809
192.658	310.766	5	9204.32	<BeadTracker.Bead object at 0x000002EBBD9018B0>	0.0	0	810	810	2	True	206.0	M450	M450	810
192.722	310.699	5	9182.548	<BeadTracker.Bead object at 0x000002EBC3196F70>	0.0	0	811	811	2	True	207.0	M450	M450	811
192.737	310.652	5	9152.906	<BeadTracker.Bead object at 0x000002EBC3196760>	0.0	0	812	812	2	True	213.0	M450	M450	812
192.77	310.607	5	9157.133	<BeadTracker.Bead object at 0x000002EBC3196A60>	0.0	0	813	813	2	True	214.0	M450	M450	813
192.795	310.643	5	9166.646	<BeadTracker.Bead object at 0x000002EBC254B820>	0.0	0	814	814	2	True	212.0	M450	M450	814
192.786	310.549	5	9115.263	<BeadTracker.Bead object at 0x000002EBC254BDF0>	0.0	0	815	815	2	True	215.0	M450	M450	815
192.825	310.573	5	9088.019	<BeadTracker.Bead object at 0x000002EBC25207C0>	0.0	0	816	816	2	True	216.0	M450	M450	816
192.824	310.54	5	9105.729	<BeadTracker.Bead object at 0x000002EBC2520B50>	0.0	0	817	817	2	True	216.0	M450	M450	817
192.837	310.58	5	9098.848	<BeadTracker.Bead object at 0x000002EBC254C340>	0.0	0	818	818	2	True	215.0	M450	M450	818
192.876	310.521	5	9080.107	<BeadTracker.Bead object at 0x000002EBC254CF70>	0.0	0	819	819	2	True	216.0	M450	M450	819
192.902	310.509	5	9088.147	<BeadTracker.Bead object at 0x000002EBCBDB0FA0>	0.0	0	820	820	2	True	216.0	M450	M450	820
192.913	310.461	5	9017.588	<BeadTracker.Bead object at 0x000002EBCBDB0F10>	0.0	0	821	821	2	True	209.0	M450	M450	821
192.93	310.304	5	8983.759	<BeadTracker.Bead object at 0x000002EBC254D790>	0.0	0	822	822	2	True	209.0	M450	M450	822
192.896	310.425	5	9070.493	<BeadTracker.Bead object at 0x000002EBC254DFA0>	0.0	0	823	823	2	True	209.0	M450	M450	823
192.938	310.438	5	9032.551	<BeadTracker.Bead object at 0x000002EBC251D670>	0.0	0	824	824	2	True	209.0	M450	M450	824
192.94	310.302	5	9044.369	<BeadTracker.Bead object at 0x000002EBC251DC70>	0.0	0	825	825	2	True	208.0	M450	M450	825
193.004	310.416	5	9002.345	<BeadTracker.Bead object at 0x000002EBC25420D0>	0.0	0	826	826	2	True	209.0	M450	M450	826
192.98	310.294	5	9017.817	<BeadTracker.Bead object at 0x000002EBC2542F40>	0.0	0	827	827	2	True	209.0	M450	M450	827
193.02	310.393	5	8993.596	<BeadTracker.Bead object at 0x000002EBBE7BA9D0>	0.0	0	828	828	2	True	209.0	M450	M450	828
192.994	310.309	5	8969.601	<BeadTracker.Bead object at 0x000002EBBE7BA520>	0.0	0	829	829	2	True	210.0	M450	M450	829
192.989	310.27	5	8963.755	<BeadTracker.Bead object at 0x000002EBC2512520>	0.0	0	830	830	2	True	210.0	M450	M450	830
193.082	310.49	0	5881.892	<BeadTracker.Bead object at 0x000002EBC2512DC0>	1.0	55	831	831	2	False	171.0	M450	M450	831
193.087	310.21	0	8928.848	<BeadTracker.Bead object at 0x000002EBC252C1F0>	2.0	55	832	832	2	True	171.0	M450	M450	832
192.898	310.153	0	11244.595	<BeadTracker.Bead object at 0x000002EBC252CFD0>	3.0	55	833	833	2	False	171.0	M450	M450	833
193.095	310.21	0	5925.371	<BeadTracker.Bead object at 0x000002EBC24A5A90>	1.0	56	834	834	2	False	133.0	M450	M450	834
193.159	310.105	0	9008.747	<BeadTracker.Bead object at 0x000002EBC24A5CA0>	2.0	56	835	835	2	True	133.0	M450	M450	835
192.995	310.059	0	11258.295	<BeadTracker.Bead object at 0x000002EBC142E100>	3.0	56	836	836	2	False	133.0	M450	M450	836
193.169	310.172	0	5948.63	<BeadTracker.Bead object at 0x000002EBC142ECA0>	1.0	57	837	837	2	False	94.0	M450	M450	837
193.274	309.945	0	9049.25	<BeadTracker.Bead object at 0x000002EBC24C95B0>	2.0	57	838	838	2	True	94.0	M450	M450	838
193.04	309.986	0	11256.578	<BeadTracker.Bead object at 0x000002EBC24C97C0>	3.0	57	839	839	2	False	94.0	M450	M450	839
193.195	310.464	0	6073.943	<BeadTracker.Bead object at 0x000002EBC24CBB20>	1.0	58	840	840	2	False	60.0	M450	M450	840
193.206	310.462	0	9092.804	<BeadTracker.Bead object at 0x000002EBC24CBF70>	2.0	58	841	841	2	True	60.0	M450	M450	841
192.908	310.281	0	11221.203	<BeadTracker.Bead object at 0x000002EBC24A78E0>	3.0	58	842	842	2	False	60.0	M450	M450	842
193.122	310.428	0	5962.735	<BeadTracker.Bead object at 0x000002EBC24A7820>	1.0	59	843	843	2	False	65.0	M450	M450	843
193.11	310.37	0	9037.131	<BeadTracker.Bead object at 0x000002EBC24CA100>	2.0	59	844	844	2	True	65.0	M450	M450	844
192.928	310.303	0	11266.537	<BeadTracker.Bead object at 0x000002EBC24CAF40>	3.0	59	845	845	2	False	65.0	M450	M450	845
193.213	310.64	0	5983.271	<BeadTracker.Bead object at 0x000002EBBDA5D760>	1.0	60	846	846	2	False	63.0	M450	M450	846
193.107	310.586	0	9047.876	<BeadTracker.Bead object at 0x000002EBBDA5DBB0>	2.0	60	847	847	2	True	63.0	M450	M450	847
192.99	310.33	0	11232.286	<BeadTracker.Bead object at 0x000002EBC24B04C0>	3.0	60	848	848	2	False	63.0	M450	M450	848
193.72	310.475	0	6069.846	<BeadTracker.Bead object at 0x000002EBC24B0E20>	1.0	61	850	850	2	False	62.0	M450	M450	850
193.583	310.478	0	9171.766	<BeadTracker.Bead object at 0x000002EBC24BD6A0>	2.0	61	851	851	2	True	62.0	M450	M450	851
193.433	310.338	0	11215.603	<BeadTracker.Bead object at 0x000002EBC24BDC10>	3.0	61	852	852	2	False	62.0	M450	M450	852
193.731	310.729	0	6126.547	<BeadTracker.Bead object at 0x000002EBC20E7E80>	1.0	62	853	853	2	False	54.0	M450	M450	853
193.569	310.425	0	9175.509	<BeadTracker.Bead object at 0x000002EBC20E7220>	2.0	62	854	854	2	True	54.0	M450	M450	854
193.5	310.614	0	11239.182	<BeadTracker.Bead object at 0x000002EBC24C6B80>	3.0	62	855	855	2	False	54.0	M450	M450	855
193.468	310.944	0	6176.034	<BeadTracker.Bead object at 0x000002EBC24C6F10>	1.0	63	856	856	2	False	60.0	M450	M450	856
193.447	310.671	0	9253.374	<BeadTracker.Bead object at 0x000002EBC249E6A0>	2.0	63	857	857	2	True	60.0	M450	M450	857
193.338	310.582	0	11237.949	<BeadTracker.Bead object at 0x000002EBC249E910>	3.0	63	858	858	2	False	60.0	M450	M450	858
193.549	310.829	0	6111.941	<BeadTracker.Bead object at 0x000002EBC7F5E760>	1.0	64	859	859	2	False	57.0	M450	M450	859
193.667	310.527	0	9201.962	<BeadTracker.Bead object at 0x000002EBC7F5EE20>	2.0	64	860	860	2	True	57.0	M450	M450	860
193.412	310.575	0	11269.212	<BeadTracker.Bead object at 0x000002EBBFA96430>	3.0	64	861	861	2	False	57.0	M450	M450	861
193.649	310.794	0	6158.306	<BeadTracker.Bead object at 0x000002EBC7F63400>	1.0	65	862	862	2	False	60.0	M450	M450	862
193.784	310.594	0	9237.378	<BeadTracker.Bead object at 0x000002EBC7F635E0>	2.0	65	863	863	2	True	60.0	M450	M450	863
193.546	310.58	0	11269.886	<BeadTracker.Bead object at 0x000002EBC7F8C040>	3.0	65	864	864	2	False	60.0	M450	M450	864
193.944	310.716	0	6098.986	<BeadTracker.Bead object at 0x000002EBC7F8CE20>	1.0	66	865	865	2	True	63.0	M450	M450	865
193.913	310.539	0	9125.002	<BeadTracker.Bead object at 0x000002EBC7F81580>	2.0	66	866	866	2	False	63.0	M450	M450	866
193.748	310.468	0	11271.73	<BeadTracker.Bead object at 0x000002EBC7F819A0>	3.0	66	867	867	2	False	63.0	M450	M450	867
193.662	310.817	6	10317.458	<BeadTracker.Bead object at 0x000002EBB8046EB0>	0.0	0	868	868	2	True	103.0	M450	M450	868
193.804	310.688	6	9420.792	<BeadTracker.Bead object at 0x000002EBBE7222B0>	0.0	0	869	869	2	True	143.0	M450	M450	869
193.894	310.759	6	8995.33	<BeadTracker.Bead object at 0x000002EBBE722220>	0.0	0	870	870	2	True	183.0	M450	M450	870
193.865	310.685	6	9044.025	<BeadTracker.Bead object at 0x000002EBC7F60A00>	0.0	0	871	871	2	True	217.0	M450	M450	871
193.909	310.781	6	8932.132	<BeadTracker.Bead object at 0x000002EBC7F60F10>	0.0	0	872	872	2	True	217.0	M450	M450	872
193.952	310.722	6	8948.091	<BeadTracker.Bead object at 0x000002EBC7F5A610>	0.0	0	873	873	2	True	217.0	M450	M450	873
193.951	310.756	6	9006.61	<BeadTracker.Bead object at 0x000002EBC7F5AB80>	0.0	0	874	874	2	True	216.0	M450	M450	874
193.906	310.688	6	8993.002	<BeadTracker.Bead object at 0x000002EBC7F87640>	0.0	0	875	875	2	True	217.0	M450	M450	875
193.918	310.647	6	8943.5	<BeadTracker.Bead object at 0x000002EBC7F87C70>	0.0	0	876	876	2	True	218.0	M450	M450	876
193.95	310.652	6	9018.815	<BeadTracker.Bead object at 0x000002EBC7F8D400>	0.0	0	877	877	2	True	217.0	M450	M450	877
193.918	310.672	6	9075.687	<BeadTracker.Bead object at 0x000002EBC7F8D970>	0.0	0	878	878	2	True	216.0	M450	M450	878
193.936	310.668	6	9002.948	<BeadTracker.Bead object at 0x000002EBC2DE7550>	0.0	0	879	879	2	True	216.0	M450	M450	879
193.938	310.754	6	9042.822	<BeadTracker.Bead object at 0x000002EBC2DE7400>	0.0	0	880	880	2	True	216.0	M450	M450	880
193.924	310.747	6	9075.562	<BeadTracker.Bead object at 0x000002EBC7F71310>	0.0	0	881	881	2	True	215.0	M450	M450	881
193.896	310.668	6	9091.84	<BeadTracker.Bead object at 0x000002EBC7F71CA0>	0.0	0	882	882	2	True	215.0	M450	M450	882
193.912	310.735	6	9094.458	<BeadTracker.Bead object at 0x000002EBC2DE6670>	0.0	0	883	883	2	True	215.0	M450	M450	883
193.831	310.792	6	9115.309	<BeadTracker.Bead object at 0x000002EBC2DE6E50>	0.0	0	884	884	2	True	213.0	M450	M450	884
193.856	310.856	6	9111.914	<BeadTracker.Bead object at 0x000002EBC28F6EB0>	0.0	0	885	885	2	True	213.0	M450	M450	885
193.896	310.932	6	9163.445	<BeadTracker.Bead object at 0x000002EBC28F6640>	0.0	0	886	886	2	True	211.0	M450	M450	886
193.888	310.809	6	9120.007	<BeadTracker.Bead object at 0x000002EBC2DF3190>	0.0	0	887	887	2	True	212.0	M450	M450	887
193.922	310.867	6	9167.159	<BeadTracker.Bead object at 0x000002EBC2DF3F10>	0.0	0	888	888	2	True	208.0	M450	M450	888
193.862	310.914	6	9204.091	<BeadTracker.Bead object at 0x000002EBC2DEB670>	0.0	0	889	889	2	True	207.0	M450	M450	889
193.834	310.814	6	9210.289	<BeadTracker.Bead object at 0x000002EBC2DEBDC0>	0.0	0	890	890	2	True	207.0	M450	M450	890
193.894	310.806	6	9184.392	<BeadTracker.Bead object at 0x000002EBC2DF9280>	0.0	0	891	891	2	True	212.0	M450	M450	891
193.885	310.886	6	9217.636	<BeadTracker.Bead object at 0x000002EBC2DF9F40>	0.0	0	892	892	2	True	207.0	M450	M450	892
193.854	310.903	6	9193.945	<BeadTracker.Bead object at 0x000002EBC1F0FE20>	0.0	0	893	893	2	True	206.0	M450	M450	893
193.818	311.056	6	9241.918	<BeadTracker.Bead object at 0x000002EBC1F0FDF0>	0.0	0	894	894	2	True	205.0	M450	M450	894
193.783	310.886	6	9278.897	<BeadTracker.Bead object at 0x000002EBC2E0B1F0>	0.0	0	895	895	2	True	204.0	M450	M450	895
193.775	311.006	6	9288.491	<BeadTracker.Bead object at 0x000002EBC2E0BE50>	0.0	0	896	896	2	True	203.0	M450	M450	896
193.814	310.913	6	9269.142	<BeadTracker.Bead object at 0x000002EBC2E034F0>	0.0	0	897	897	2	True	204.0	M450	M450	897
193.8	311.042	6	9397.632	<BeadTracker.Bead object at 0x000002EBC2E03D90>	0.0	0	898	898	2	True	201.0	M450	M450	898
193.716	311.014	6	9390.239	<BeadTracker.Bead object at 0x000002EBC2DEF130>	0.0	0	899	899	2	True	201.0	M450	M450	899
193.666	311.037	6	9409.527	<BeadTracker.Bead object at 0x000002EBC2DEFDF0>	0.0	0	900	900	2	True	200.0	M450	M450	900
193.625	310.914	6	9454.701	<BeadTracker.Bead object at 0x000002EBC2E00A30>	0.0	0	901	901	2	True	201.0	M450	M450	901
193.593	310.939	6	9445.429	<BeadTracker.Bead object at 0x000002EBC2E00EE0>	0.0	0	902	902	2	True	201.0	M450	M450	902
193.586	310.986	6	9460.876	<BeadTracker.Bead object at 0x000002EBC2927A30>	0.0	0	903	903	2	True	200.0	M450	M450	903
193.524	310.948	6	9563.486	<BeadTracker.Bead object at 0x000002EBC2927CD0>	0.0	0	904	904	2	True	198.0	M450	M450	904
193.506	310.943	6	9509.063	<BeadTracker.Bead object at 0x000002EBC2893790>	0.0	0	905	905	2	True	200.0	M450	M450	905
193.47	310.986	6	9538.711	<BeadTracker.Bead object at 0x000002EBC2893D00>	0.0	0	906	906	2	True	197.0	M450	M450	906
193.451	310.897	6	9596.618	<BeadTracker.Bead object at 0x000002EBC28C15E0>	0.0	0	907	907	2	True	198.0	M450	M450	907
193.425	310.941	6	9597.241	<BeadTracker.Bead object at 0x000002EBC28C1700>	0.0	0	908	908	2	True	197.0	M450	M450	908
193.364	310.875	6	9673.06	<BeadTracker.Bead object at 0x000002EBC28AD0A0>	0.0	0	909	909	2	True	182.0	M450	M450	909
193.362	310.804	6	9686.174	<BeadTracker.Bead object at 0x000002EBC28ADFD0>	0.0	0	910	910	2	True	181.0	M450	M450	910
193.336	310.745	6	9706.643	<BeadTracker.Bead object at 0x000002EBC2A67C70>	0.0	0	911	911	2	True	181.0	M450	M450	911
193.283	310.738	6	9747.61	<BeadTracker.Bead object at 0x000002EBC2A671F0>	0.0	0	912	912	2	True	181.0	M450	M450	912
193.274	310.687	6	9765.67	<BeadTracker.Bead object at 0x000002EBC28C70D0>	0.0	0	913	913	2	True	180.0	M450	M450	913
193.262	310.564	6	9794.266	<BeadTracker.Bead object at 0x000002EBC28C7D60>	0.0	0	914	914	2	True	180.0	M450	M450	914
193.248	310.6	6	9774.903	<BeadTracker.Bead object at 0x000002EBC289E100>	0.0	0	915	915	2	True	180.0	M450	M450	915
193.172	310.595	6	9868.833	<BeadTracker.Bead object at 0x000002EBC289E880>	0.0	0	916	916	2	True	180.0	M450	M450	916
193.141	310.417	6	9854.345	<BeadTracker.Bead object at 0x000002EBC28B3100>	0.0	0	917	917	2	True	190.0	M450	M450	917
193.14	310.472	6	9897.419	<BeadTracker.Bead object at 0x000002EBC28B3AC0>	0.0	0	918	918	2	True	190.0	M450	M450	918
193.135	310.36	6	9921.323	<BeadTracker.Bead object at 0x000002EBC28B9220>	0.0	0	919	919	2	True	189.0	M450	M450	919
193.098	310.399	6	9923.071	<BeadTracker.Bead object at 0x000002EBC28B9AC0>	0.0	0	920	920	2	True	189.0	M450	M450	920
193.054	310.255	6	9962.194	<BeadTracker.Bead object at 0x000002EBC7FB2CD0>	0.0	0	921	921	2	True	169.0	M450	M450	921
193.025	310.187	6	10009.744	<BeadTracker.Bead object at 0x000002EBC7FB2E20>	0.0	0	922	922	2	True	170.0	M450	M450	922
192.973	310.176	6	10046.486	<BeadTracker.Bead object at 0x000002EBC7FB26A0>	0.0	0	923	923	2	True	169.0	M450	M450	923
192.923	310.156	6	10061.943	<BeadTracker.Bead object at 0x000002EBC28CF850>	0.0	0	924	924	2	True	169.0	M450	M450	924
192.844	310.046	6	10142.54	<BeadTracker.Bead object at 0x000002EBC28CFA60>	0.0	0	925	925	2	True	176.0	M450	M450	925
192.854	310.037	6	10154.183	<BeadTracker.Bead object at 0x000002EBC28AC100>	0.0	0	926	926	2	True	177.0	M450	M450	926
192.759	309.991	6	10201.952	<BeadTracker.Bead object at 0x000002EBC28ACF40>	0.0	0	927	927	2	True	177.0	M450	M450	927
192.715	310.059	6	10262.026	<BeadTracker.Bead object at 0x000002EBCABF9A00>	0.0	0	928	928	2	True	164.0	M450	M450	928
192.652	309.969	6	10274.933	<BeadTracker.Bead object at 0x000002EBCABF9BB0>	0.0	0	929	929	2	True	163.0	M450	M450	929
192.602	309.804	6	10247.834	<BeadTracker.Bead object at 0x000002EBC27E8D00>	0.0	0	930	930	2	True	178.0	M450	M450	930
192.544	309.782	6	10337.078	<BeadTracker.Bead object at 0x000002EBC27E8C70>	0.0	0	931	931	2	True	178.0	M450	M450	931
192.447	309.664	6	10333.074	<BeadTracker.Bead object at 0x000002EBCAC2AF40>	0.0	0	932	932	2	True	179.0	M450	M450	932
192.383	309.477	6	10393.345	<BeadTracker.Bead object at 0x000002EBCAC2A940>	0.0	0	933	933	2	True	151.0	M450	M450	933
192.375	309.547	6	10416.275	<BeadTracker.Bead object at 0x000002EBCAC1E2B0>	0.0	0	934	934	2	True	179.0	M450	M450	934
192.356	309.632	6	10375.652	<BeadTracker.Bead object at 0x000002EBCAC1E6D0>	0.0	0	935	935	2	True	179.0	M450	M450	935
192.409	309.734	6	10316.346	<BeadTracker.Bead object at 0x000002EBCAC04640>	0.0	0	936	936	2	True	179.0	M450	M450	936
192.371	309.906	6	10351.046	<BeadTracker.Bead object at 0x000002EBCAC04BB0>	0.0	0	937	937	2	True	178.0	M450	M450	937
192.358	309.989	6	10316.809	<BeadTracker.Bead object at 0x000002EBCABFF430>	0.0	0	938	938	2	True	161.0	M450	M450	938
192.374	309.983	6	10267.295	<BeadTracker.Bead object at 0x000002EBCABFF7C0>	0.0	0	939	939	2	True	178.0	M450	M450	939
192.366	310.153	6	10284.128	<BeadTracker.Bead object at 0x000002EBBE5A8FD0>	0.0	0	940	940	2	True	159.0	M450	M450	940
192.402	310.193	6	10280.738	<BeadTracker.Bead object at 0x000002EBBE5A8BB0>	0.0	0	941	941	2	True	158.0	M450	M450	941
192.397	310.39	6	10225.51	<BeadTracker.Bead object at 0x000002EBCAC26280>	0.0	0	942	942	2	True	153.0	M450	M450	942
192.404	310.325	6	10190.946	<BeadTracker.Bead object at 0x000002EBCAC264F0>	0.0	0	943	943	2	True	156.0	M450	M450	943
192.45	310.416	6	10168.556	<BeadTracker.Bead object at 0x000002EBCABFD430>	0.0	0	944	944	2	True	154.0	M450	M450	944
192.509	310.584	6	10238.017	<BeadTracker.Bead object at 0x000002EBCABFDD30>	0.0	0	945	945	2	True	179.0	M450	M450	945
192.513	310.709	6	10160.315	<BeadTracker.Bead object at 0x000002EBCAC134C0>	0.0	0	946	946	2	True	179.0	M450	M450	946
192.56	310.718	6	10141.328	<BeadTracker.Bead object at 0x000002EBCAC13760>	0.0	0	947	947	2	True	179.0	M450	M450	947
192.538	310.706	6	10116.802	<BeadTracker.Bead object at 0x000002EBC2E5FF70>	0.0	0	948	948	2	True	179.0	M450	M450	948
192.588	310.798	6	10123.784	<BeadTracker.Bead object at 0x000002EBC2E5F340>	0.0	0	949	949	2	True	179.0	M450	M450	949
192.582	310.815	6	10119.887	<BeadTracker.Bead object at 0x000002EBCAC1F9D0>	0.0	0	950	950	2	True	179.0	M450	M450	950
192.63	310.867	6	10051.583	<BeadTracker.Bead object at 0x000002EBCAC1F3D0>	0.0	0	951	951	2	True	179.0	M450	M450	951
192.642	310.845	6	10091.92	<BeadTracker.Bead object at 0x000002EBC7920730>	0.0	0	952	952	2	True	179.0	M450	M450	952
192.722	310.82	6	10037.55	<BeadTracker.Bead object at 0x000002EBC7920CD0>	0.0	0	953	953	2	True	179.0	M450	M450	953
192.76	310.804	6	10034.905	<BeadTracker.Bead object at 0x000002EBC791B490>	0.0	0	954	954	2	True	180.0	M450	M450	954
192.816	310.83	6	10043.712	<BeadTracker.Bead object at 0x000002EBC791B7F0>	0.0	0	955	955	2	True	180.0	M450	M450	955
192.764	310.908	6	10018.884	<BeadTracker.Bead object at 0x000002EBC0F55A00>	0.0	0	956	956	2	True	180.0	M450	M450	956
192.837	310.923	6	9964.567	<BeadTracker.Bead object at 0x000002EBC0F55C10>	0.0	0	957	957	2	True	180.0	M450	M450	957
192.915	310.942	6	9981.307	<BeadTracker.Bead object at 0x000002EBC0F55D30>	0.0	0	958	958	2	True	180.0	M450	M450	958
192.958	311.036	6	9955.81	<BeadTracker.Bead object at 0x000002EBC7932400>	0.0	0	959	959	2	True	182.0	M450	M450	959
192.936	311.064	6	9951.099	<BeadTracker.Bead object at 0x000002EBC7932970>	0.0	0	960	960	2	True	182.0	M450	M450	960
192.987	311.037	6	9952.448	<BeadTracker.Bead object at 0x000002EBC7949910>	0.0	0	961	961	2	True	183.0	M450	M450	961
192.954	311.062	6	9933.541	<BeadTracker.Bead object at 0x000002EBC7949D00>	0.0	0	962	962	2	True	182.0	M450	M450	962
193.026	311.005	6	9873.7	<BeadTracker.Bead object at 0x000002EBC793C6D0>	0.0	0	963	963	2	True	182.0	M450	M450	963
193.042	311.081	6	9921.383	<BeadTracker.Bead object at 0x000002EBC793CB20>	0.0	0	964	964	2	True	184.0	M450	M450	964
193.025	311.163	6	9845.061	<BeadTracker.Bead object at 0x000002EBC794E160>	0.0	0	965	965	2	True	187.0	M450	M450	965
193.031	311.091	6	9819.471	<BeadTracker.Bead object at 0x000002EBC794EF40>	0.0	0	966	966	2	True	186.0	M450	M450	966
193.051	311.145	6	9802.623	<BeadTracker.Bead object at 0x000002EBC09D5610>	0.0	0	967	967	2	True	187.0	M450	M450	967
193.09	311.097	6	9790.57	<BeadTracker.Bead object at 0x000002EBC09D5970>	0.0	0	968	968	2	True	187.0	M450	M450	968
193.094	311.168	6	9773.242	<BeadTracker.Bead object at 0x000002EBC79114C0>	0.0	0	969	969	2	True	189.0	M450	M450	969
193.086	311.201	6	9779.754	<BeadTracker.Bead object at 0x000002EBC7911CD0>	0.0	0	970	970	2	True	189.0	M450	M450	970
193.124	311.24	6	9715.382	<BeadTracker.Bead object at 0x000002EBBD9EA400>	0.0	0	971	971	2	True	190.0	M450	M450	971
193.111	311.179	6	9707.347	<BeadTracker.Bead object at 0x000002EBC791F640>	0.0	0	972	972	2	True	189.0	M450	M450	972
193.109	311.222	6	9734.607	<BeadTracker.Bead object at 0x000002EBC791F910>	0.0	0	973	973	2	True	190.0	M450	M450	973
193.098	311.177	6	9680.652	<BeadTracker.Bead object at 0x000002EBC79360A0>	0.0	0	974	974	2	True	190.0	M450	M450	974
193.105	311.158	6	9646.053	<BeadTracker.Bead object at 0x000002EBC7936FA0>	0.0	0	975	975	2	True	190.0	M450	M450	975
193.123	311.124	6	9636.495	<BeadTracker.Bead object at 0x000002EBBE68F8B0>	0.0	0	976	976	2	True	192.0	M450	M450	976
193.121	311.105	6	9622.089	<BeadTracker.Bead object at 0x000002EBBE68FD30>	0.0	0	977	977	2	True	192.0	M450	M450	977
193.164	311.16	6	9586.521	<BeadTracker.Bead object at 0x000002EBC15048E0>	0.0	0	978	978	2	True	193.0	M450	M450	978
193.206	311.091	6	9606.754	<BeadTracker.Bead object at 0x000002EBC1504610>	0.0	0	979	979	2	True	193.0	M450	M450	979
193.233	311.289	6	9546.495	<BeadTracker.Bead object at 0x000002EBC0948AF0>	0.0	0	980	980	2	True	193.0	M450	M450	980
193.275	311.276	6	9488.91	<BeadTracker.Bead object at 0x000002EBC09488E0>	0.0	0	981	981	2	True	194.0	M450	M450	981
193.319	311.308	6	9518.515	<BeadTracker.Bead object at 0x000002EBC0948E50>	0.0	0	982	982	2	True	194.0	M450	M450	982
193.381	311.179	6	9416.089	<BeadTracker.Bead object at 0x000002EBC8792FA0>	0.0	0	983	983	2	True	199.0	M450	M450	983
193.441	311.289	6	9381.175	<BeadTracker.Bead object at 0x000002EBC1FFDAF0>	0.0	0	984	984	2	True	198.0	M450	M450	984
193.426	311.17	6	9375.225	<BeadTracker.Bead object at 0x000002EBC1FFD850>	0.0	0	985	985	2	True	201.0	M450	M450	985
193.487	310.963	6	9325.856	<BeadTracker.Bead object at 0x000002EBC0ED4730>	0.0	0	986	986	2	True	203.0	M450	M450	986
193.441	310.736	6	9330.095	<BeadTracker.Bead object at 0x000002EBC0ED49A0>	0.0	0	987	987	2	True	204.0	M450	M450	987
193.559	310.682	6	9278.391	<BeadTracker.Bead object at 0x000002EBC0ED4160>	0.0	0	988	988	2	True	211.0	M450	M450	988
193.581	310.658	6	9225.178	<BeadTracker.Bead object at 0x000002EBC7DBD670>	0.0	0	989	989	2	True	213.0	M450	M450	989
193.605	310.608	6	9233.507	<BeadTracker.Bead object at 0x000002EBC7DBDAF0>	0.0	0	990	990	2	True	213.0	M450	M450	990
193.585	310.442	6	9234.676	<BeadTracker.Bead object at 0x000002EBC1FF4580>	0.0	0	991	991	2	True	208.0	M450	M450	991
193.64	310.475	6	9155.179	<BeadTracker.Bead object at 0x000002EBC1FF4EE0>	0.0	0	992	992	2	True	209.0	M450	M450	992
193.657	310.559	6	9169.655	<BeadTracker.Bead object at 0x000002EBBD9192E0>	0.0	0	993	993	2	True	216.0	M450	M450	993
193.633	310.469	6	9248.755	<BeadTracker.Bead object at 0x000002EBBD9199A0>	0.0	0	994	994	2	True	208.0	M450	M450	994
193.695	310.417	6	9173.618	<BeadTracker.Bead object at 0x000002EBBD9130A0>	0.0	0	995	995	2	True	209.0	M450	M450	995
193.711	310.549	6	9138.123	<BeadTracker.Bead object at 0x000002EBBD913760>	0.0	0	996	996	2	True	217.0	M450	M450	996
193.707	310.387	6	9164.409	<BeadTracker.Bead object at 0x000002EBBD913E20>	0.0	0	997	997	2	True	210.0	M450	M450	997
193.743	310.433	6	9121.876	<BeadTracker.Bead object at 0x000002EBBD91D520>	0.0	0	998	998	2	True	209.0	M450	M450	998
193.718	310.408	6	9104.608	<BeadTracker.Bead object at 0x000002EBBD91DBE0>	0.0	0	999	999	2	True	210.0	M450	M450	999
193.747	310.413	6	9119.559	<BeadTracker.Bead object at 0x000002EBBD9262E0>	0.0	0	1000	1000	2	True	210.0	M450	M450	1000
193.557	310.595	0	6161.063	<BeadTracker.Bead object at 0x000002EBBD9269A0>	1.0	67	1001	1001	2	True	171.0	M450	M450	1001
193.614	310.352	0	9270.719	<BeadTracker.Bead object at 0x000002EBBD90C0D0>	2.0	67	1002	1002	2	False	171.0	M450	M450	1002
193.393	310.266	0	11275.342	<BeadTracker.Bead object at 0x000002EBBD90C790>	3.0	67	1003	1003	2	False	171.0	M450	M450	1003
193.477	310.663	0	6247.693	<BeadTracker.Bead object at 0x000002EBBD90CE20>	1.0	68	1004	1004	1	True	132.0	M450	M450	1004
193.652	310.207	0	9314.824	<BeadTracker.Bead object at 0x000002EBBD8F2580>	2.0	68	1005	1005	2	False	132.0	M450	M450	1005
193.36	310.326	0	11290.436	<BeadTracker.Bead object at 0x000002EBBD8F2C40>	3.0	68	1006	1006	2	False	132.0	M450	M450	1006
193.764	310.413	0	6322.568	<BeadTracker.Bead object at 0x000002EBC30105E0>	1.0	69	1007	1007	2	True	93.0	M450	M450	1007
193.739	310.201	0	9376.784	<BeadTracker.Bead object at 0x000002EBC3010FA0>	2.0	69	1008	1008	2	False	93.0	M450	M450	1008
193.492	310.154	0	11352.677	<BeadTracker.Bead object at 0x000002EBC3012220>	3.0	69	1009	1009	2	False	93.0	M450	M450	1009
193.794	310.478	0	6253.641	<BeadTracker.Bead object at 0x000002EBC3012910>	1.0	70	1010	1010	2	True	55.0	M450	M450	1010
193.73	310.423	0	9341.072	<BeadTracker.Bead object at 0x000002EBC3012C70>	2.0	70	1011	1011	2	False	55.0	M450	M450	1011
193.562	310.359	0	11283.212	<BeadTracker.Bead object at 0x000002EBC301C5E0>	3.0	70	1012	1012	2	False	55.0	M450	M450	1012
193.743	310.791	0	6269.829	<BeadTracker.Bead object at 0x000002EBC301CCA0>	1.0	71	1013	1013	2	False	60.0	M450	M450	1013
193.607	310.611	0	9377.349	<BeadTracker.Bead object at 0x000002EBC302C3D0>	2.0	71	1014	1014	2	True	60.0	M450	M450	1014
193.489	310.557	0	11287.707	<BeadTracker.Bead object at 0x000002EBC302CA90>	3.0	71	1015	1015	2	False	60.0	M450	M450	1015
193.675	310.808	0	6236.569	<BeadTracker.Bead object at 0x000002EBC3016160>	1.0	72	1016	1016	1	False	57.0	M450	M450	1016
193.505	310.563	0	9297.225	<BeadTracker.Bead object at 0x000002EBC3016880>	2.0	72	1017	1017	2	True	57.0	M450	M450	1017
193.356	310.516	0	11296.05	<BeadTracker.Bead object at 0x000002EBC3016F40>	3.0	72	1018	1018	2	False	57.0	M450	M450	1018
193.009	309.918	0	6651.537	<BeadTracker.Bead object at 0x000002EBC3015580>	1.0	73	1020	1020	2	True	62.0	M450	M450	1020
192.986	309.781	0	9710.767	<BeadTracker.Bead object at 0x000002EBC3015C70>	2.0	73	1021	1021	2	False	62.0	M450	M450	1021
192.821	309.756	0	11301.492	<BeadTracker.Bead object at 0x000002EBC7F7E370>	3.0	73	1022	1022	2	False	62.0	M450	M450	1022
192.919	310.028	0	6624.302	<BeadTracker.Bead object at 0x000002EBC7F7EA30>	1.0	74	1023	1023	2	True	55.0	M450	M450	1023
192.838	310.007	0	9679.049	<BeadTracker.Bead object at 0x000002EBC7F86160>	2.0	74	1024	1024	2	False	55.0	M450	M450	1024
192.734	309.807	0	11343.818	<BeadTracker.Bead object at 0x000002EBC7F86820>	3.0	74	1025	1025	2	False	55.0	M450	M450	1025
192.987	310.097	0	6648.601	<BeadTracker.Bead object at 0x000002EBC7F86EE0>	1.0	75	1026	1026	2	True	59.0	M450	M450	1026
192.826	310.0	0	9721.68	<BeadTracker.Bead object at 0x000002EBC7F8B610>	2.0	75	1027	1027	2	False	59.0	M450	M450	1027
192.82	309.853	0	11330.937	<BeadTracker.Bead object at 0x000002EBC7F8BCD0>	3.0	75	1028	1028	2	False	59.0	M450	M450	1028
193.101	310.181	0	6638.145	<BeadTracker.Bead object at 0x000002EBC7F533D0>	1.0	76	1029	1029	2	True	59.0	M450	M450	1029
193.021	310.128	0	9699.847	<BeadTracker.Bead object at 0x000002EBC7F53AC0>	2.0	76	1030	1030	2	False	59.0	M450	M450	1030
192.924	310.092	0	11332.304	<BeadTracker.Bead object at 0x000002EBC7F891C0>	3.0	76	1031	1031	2	False	59.0	M450	M450	1031
193.248	310.167	0	6755.285	<BeadTracker.Bead object at 0x000002EBC7F89880>	1.0	77	1032	1032	2	True	58.0	M450	M450	1032
193.171	310.013	0	9842.264	<BeadTracker.Bead object at 0x000002EBC7F89F70>	2.0	77	1033	1033	2	False	58.0	M450	M450	1033
193.053	310.044	0	11362.752	<BeadTracker.Bead object at 0x000002EBC7F51670>	3.0	77	1034	1034	2	False	58.0	M450	M450	1034
193.102	310.189	0	6854.918	<BeadTracker.Bead object at 0x000002EBC7F51D30>	1.0	78	1035	1035	2	True	57.0	M450	M450	1035
193.086	310.038	0	9926.912	<BeadTracker.Bead object at 0x000002EBC7F50460>	2.0	78	1036	1036	2	False	57.0	M450	M450	1036
192.955	309.894	0	11288.198	<BeadTracker.Bead object at 0x000002EBC7F50B20>	3.0	78	1037	1037	2	False	57.0	M450	M450	1037
192.916	309.854	7	10902.343	<BeadTracker.Bead object at 0x000002EBC8FA66A0>	0.0	0	1038	1038	2	True	97.0	M450	M450	1038
193.051	309.81	7	10142.441	<BeadTracker.Bead object at 0x000002EBC8FA6610>	0.0	0	1039	1039	2	True	137.0	M450	M450	1039
193.114	309.89	7	9879.708	<BeadTracker.Bead object at 0x000002EBC8FA6070>	0.0	0	1040	1040	2	True	177.0	M450	M450	1040
193.189	309.783	7	9796.488	<BeadTracker.Bead object at 0x000002EBC8FA76A0>	0.0	0	1041	1041	2	True	181.0	M450	M450	1041
193.146	309.745	7	9819.917	<BeadTracker.Bead object at 0x000002EBC8FA7D60>	0.0	0	1042	1042	2	True	181.0	M450	M450	1042
193.161	309.771	7	9722.381	<BeadTracker.Bead object at 0x000002EBC8FDB460>	0.0	0	1043	1043	2	True	181.0	M450	M450	1043
193.113	309.789	7	9826.035	<BeadTracker.Bead object at 0x000002EBC8FDBB20>	0.0	0	1044	1044	2	True	181.0	M450	M450	1044
193.114	309.847	7	9767.854	<BeadTracker.Bead object at 0x000002EBC8FBD220>	0.0	0	1045	1045	2	True	182.0	M450	M450	1045
193.083	309.787	7	9791.668	<BeadTracker.Bead object at 0x000002EBC8FBD8E0>	0.0	0	1046	1046	2	True	181.0	M450	M450	1046
193.107	309.797	7	9772.726	<BeadTracker.Bead object at 0x000002EBC8FBDFA0>	0.0	0	1047	1047	2	True	181.0	M450	M450	1047
193.106	309.805	7	9770.987	<BeadTracker.Bead object at 0x000002EBC8FA56A0>	0.0	0	1048	1048	2	True	181.0	M450	M450	1048
193.103	309.682	7	9775.857	<BeadTracker.Bead object at 0x000002EBC8FA5D60>	0.0	0	1049	1049	2	True	180.0	M450	M450	1049
193.084	309.71	7	9792.844	<BeadTracker.Bead object at 0x000002EBC8FC3460>	0.0	0	1050	1050	2	True	180.0	M450	M450	1050
193.095	309.743	7	9826.499	<BeadTracker.Bead object at 0x000002EBC8FC3B20>	0.0	0	1051	1051	2	True	180.0	M450	M450	1051
193.042	309.704	7	9861.861	<BeadTracker.Bead object at 0x000002EBC8FB0220>	0.0	0	1052	1052	2	True	180.0	M450	M450	1052
193.044	309.773	7	9907.422	<BeadTracker.Bead object at 0x000002EBC8FB08E0>	0.0	0	1053	1053	2	True	180.0	M450	M450	1053
193.041	309.869	7	9888.497	<BeadTracker.Bead object at 0x000002EBC8FB0FA0>	0.0	0	1054	1054	2	True	180.0	M450	M450	1054
193.051	309.792	7	9926.405	<BeadTracker.Bead object at 0x000002EBCB179670>	0.0	0	1055	1055	2	True	180.0	M450	M450	1055
192.998	309.817	7	9990.326	<BeadTracker.Bead object at 0x000002EBCB179EE0>	0.0	0	1056	1056	2	True	180.0	M450	M450	1056
193.014	309.682	7	10002.779	<BeadTracker.Bead object at 0x000002EBCB164460>	0.0	0	1057	1057	2	True	180.0	M450	M450	1057
192.993	309.815	7	9997.574	<BeadTracker.Bead object at 0x000002EBCB164B20>	0.0	0	1058	1058	2	True	180.0	M450	M450	1058
192.988	309.886	7	9990.634	<BeadTracker.Bead object at 0x000002EBCB160220>	0.0	0	1059	1059	2	True	180.0	M450	M450	1059
192.96	309.906	7	10039.161	<BeadTracker.Bead object at 0x000002EBCB1608E0>	0.0	0	1060	1060	2	True	180.0	M450	M450	1060
192.993	309.984	7	10029.952	<BeadTracker.Bead object at 0x000002EBCB160FA0>	0.0	0	1061	1061	2	True	180.0	M450	M450	1061
192.963	310.022	7	10076.067	<BeadTracker.Bead object at 0x000002EBCB1776A0>	0.0	0	1062	1062	2	True	179.0	M450	M450	1062
193.003	309.981	7	10112.482	<BeadTracker.Bead object at 0x000002EBCB177D60>	0.0	0	1063	1063	2	True	179.0	M450	M450	1063
192.984	309.957	7	10134.748	<BeadTracker.Bead object at 0x000002EBCB155460>	0.0	0	1064	1064	2	True	179.0	M450	M450	1064
192.989	310.018	7	10143.771	<BeadTracker.Bead object at 0x000002EBCB155B20>	0.0	0	1065	1065	2	True	178.0	M450	M450	1065
192.997	309.986	7	10171.302	<BeadTracker.Bead object at 0x000002EBCB17F220>	0.0	0	1066	1066	2	True	178.0	M450	M450	1066
193.004	310.015	7	10167.8	<BeadTracker.Bead object at 0x000002EBCB17F8E0>	0.0	0	1067	1067	2	True	178.0	M450	M450	1067
192.99	310.042	7	10183.723	<BeadTracker.Bead object at 0x000002EBCB17FFA0>	0.0	0	1068	1068	2	True	177.0	M450	M450	1068
192.969	310.09	7	10227.653	<BeadTracker.Bead object at 0x000002EBCB17C6A0>	0.0	0	1069	1069	2	True	166.0	M450	M450	1069
192.946	310.102	7	10274.588	<BeadTracker.Bead object at 0x000002EBCB17CD60>	0.0	0	1070	1070	2	True	163.0	M450	M450	1070
192.899	310.034	7	10288.882	<BeadTracker.Bead object at 0x000002EBC2898460>	0.0	0	1071	1071	2	True	162.0	M450	M450	1071
192.92	309.929	7	10295.815	<BeadTracker.Bead object at 0x000002EBC2898B20>	0.0	0	1072	1072	2	True	178.0	M450	M450	1072
192.897	309.923	7	10347.842	<BeadTracker.Bead object at 0x000002EBC28C5220>	0.0	0	1073	1073	2	True	178.0	M450	M450	1073
192.845	309.912	7	10378.198	<BeadTracker.Bead object at 0x000002EBC28C58E0>	0.0	0	1074	1074	2	True	177.0	M450	M450	1074
192.821	309.933	7	10375.929	<BeadTracker.Bead object at 0x000002EBC28C5FA0>	0.0	0	1075	1075	2	True	161.0	M450	M450	1075
192.779	309.998	7	10415.541	<BeadTracker.Bead object at 0x000002EBC28906A0>	0.0	0	1076	1076	2	True	160.0	M450	M450	1076
192.803	310.015	7	10427.146	<BeadTracker.Bead object at 0x000002EBC2890D60>	0.0	0	1077	1077	2	True	160.0	M450	M450	1077
192.768	310.014	7	10480.418	<BeadTracker.Bead object at 0x000002EBC28BF460>	0.0	0	1078	1078	2	True	158.0	M450	M450	1078
192.732	310.095	7	10512.694	<BeadTracker.Bead object at 0x000002EBC28BFB20>	0.0	0	1079	1079	2	True	153.0	M450	M450	1079
192.682	310.147	7	10522.319	<BeadTracker.Bead object at 0x000002EBC28AE220>	0.0	0	1080	1080	2	True	153.0	M450	M450	1080
192.62	310.059	7	10529.958	<BeadTracker.Bead object at 0x000002EBC28AE8E0>	0.0	0	1081	1081	2	True	154.0	M450	M450	1081
192.598	310.079	7	10577.428	<BeadTracker.Bead object at 0x000002EBC28AEFA0>	0.0	0	1082	1082	2	True	152.0	M450	M450	1082
192.555	310.156	7	10565.423	<BeadTracker.Bead object at 0x000002EBC28B56A0>	0.0	0	1083	1083	2	True	150.0	M450	M450	1083
192.503	310.141	7	10547.074	<BeadTracker.Bead object at 0x000002EBC28B5D60>	0.0	0	1084	1084	2	True	152.0	M450	M450	1084
192.443	310.234	7	10598.653	<BeadTracker.Bead object at 0x000002EBC2670460>	0.0	0	1085	1085	2	True	148.0	M450	M450	1085
192.409	310.157	7	10601.587	<BeadTracker.Bead object at 0x000002EBC2670B20>	0.0	0	1086	1086	2	True	148.0	M450	M450	1086
192.356	310.136	7	10680.356	<BeadTracker.Bead object at 0x000002EBC2688220>	0.0	0	1087	1087	2	True	145.0	M450	M450	1087
192.32	310.201	7	10640.014	<BeadTracker.Bead object at 0x000002EBC26888E0>	0.0	0	1088	1088	2	True	147.0	M450	M450	1088
192.29	310.103	7	10650.883	<BeadTracker.Bead object at 0x000002EBC2688FA0>	0.0	0	1089	1089	2	True	145.0	M450	M450	1089
192.24	310.075	7	10713.003	<BeadTracker.Bead object at 0x000002EBC2674C10>	0.0	0	1090	1090	2	True	143.0	M450	M450	1090
192.195	310.035	7	10736.73	<BeadTracker.Bead object at 0x000002EBC2674C70>	0.0	0	1091	1091	2	True	142.0	M450	M450	1091
192.095	309.914	7	10776.547	<BeadTracker.Bead object at 0x000002EBC2683460>	0.0	0	1092	1092	2	True	140.0	M450	M450	1092
192.014	309.931	7	10813.994	<BeadTracker.Bead object at 0x000002EBC2683B20>	0.0	0	1093	1093	2	True	140.0	M450	M450	1093
191.986	309.922	7	10845.283	<BeadTracker.Bead object at 0x000002EBC2680790>	0.0	0	1094	1094	2	True	139.0	M450	M450	1094
191.892	309.748	7	10852.415	<BeadTracker.Bead object at 0x000002EBC2680940>	0.0	0	1095	1095	2	True	139.0	M450	M450	1095
191.888	309.702	7	10853.545	<BeadTracker.Bead object at 0x000002EBC2680D60>	0.0	0	1096	1096	2	True	139.0	M450	M450	1096
191.832	309.572	7	10820.096	<BeadTracker.Bead object at 0x000002EBC26796A0>	0.0	0	1097	1097	2	True	178.0	M450	M450	1097
191.764	309.531	7	10877.359	<BeadTracker.Bead object at 0x000002EBC2679D60>	0.0	0	1098	1098	2	True	178.0	M450	M450	1098
191.681	309.506	7	10906.841	<BeadTracker.Bead object at 0x000002EBC265F460>	0.0	0	1099	1099	2	True	139.0	M450	M450	1099
191.649	309.277	7	10941.793	<BeadTracker.Bead object at 0x000002EBC265FB20>	0.0	0	1100	1100	2	True	127.0	M450	M450	1100
191.544	309.126	7	10997.251	<BeadTracker.Bead object at 0x000002EBC2678220>	0.0	0	1101	1101	2	True	131.0	M450	M450	1101
191.482	308.911	7	11045.679	<BeadTracker.Bead object at 0x000002EBC26788E0>	0.0	0	1102	1102	2	True	135.0	M450	M450	1102
191.443	308.799	7	11039.604	<BeadTracker.Bead object at 0x000002EBC2678FA0>	0.0	0	1103	1103	2	True	136.0	M450	M450	1103
191.389	308.986	7	11052.98	<BeadTracker.Bead object at 0x000002EBC2F396A0>	0.0	0	1104	1104	2	True	134.0	M450	M450	1104
191.35	308.98	7	11060.514	<BeadTracker.Bead object at 0x000002EBC2F39D60>	0.0	0	1105	1105	2	True	134.0	M450	M450	1105
191.397	309.168	7	11067.102	<BeadTracker.Bead object at 0x000002EBC2F49460>	0.0	0	1106	1106	2	True	125.0	M450	M450	1106
191.425	309.22	7	11047.683	<BeadTracker.Bead object at 0x000002EBC2F49B20>	0.0	0	1107	1107	2	True	123.0	M450	M450	1107
191.44	309.273	7	11034.506	<BeadTracker.Bead object at 0x000002EBC2F2A130>	0.0	0	1108	1108	2	True	123.0	M450	M450	1108
191.496	309.319	7	11041.169	<BeadTracker.Bead object at 0x000002EBC2F2A100>	0.0	0	1109	1109	2	True	122.0	M450	M450	1109
191.507	309.393	7	11024.431	<BeadTracker.Bead object at 0x000002EBC2F2AC70>	0.0	0	1110	1110	2	True	125.0	M450	M450	1110
191.552	309.528	7	10999.474	<BeadTracker.Bead object at 0x000002EBC2F42C40>	0.0	0	1111	1111	2	True	139.0	M450	M450	1111
191.619	309.519	7	11004.463	<BeadTracker.Bead object at 0x000002EBC2F42C70>	0.0	0	1112	1112	2	True	139.0	M450	M450	1112
191.581	309.659	7	10973.166	<BeadTracker.Bead object at 0x000002EBC2F26460>	0.0	0	1113	1113	2	True	138.0	M450	M450	1113
191.656	309.669	7	10979.33	<BeadTracker.Bead object at 0x000002EBC2F26B20>	0.0	0	1114	1114	2	True	138.0	M450	M450	1114
191.664	309.777	7	10988.206	<BeadTracker.Bead object at 0x000002EBC2F20220>	0.0	0	1115	1115	2	True	138.0	M450	M450	1115
191.676	309.801	7	10988.797	<BeadTracker.Bead object at 0x000002EBC2F208E0>	0.0	0	1116	1116	2	True	138.0	M450	M450	1116
191.677	309.803	7	10941.432	<BeadTracker.Bead object at 0x000002EBC2F20FA0>	0.0	0	1117	1117	2	True	138.0	M450	M450	1117
191.718	309.816	7	10924.163	<BeadTracker.Bead object at 0x000002EBC2F2E6A0>	0.0	0	1118	1118	2	True	139.0	M450	M450	1118
191.736	309.955	7	10871.705	<BeadTracker.Bead object at 0x000002EBC2F2ED60>	0.0	0	1119	1119	2	True	139.0	M450	M450	1119
191.748	310.003	7	10892.944	<BeadTracker.Bead object at 0x000002EBC8F44460>	0.0	0	1120	1120	2	True	137.0	M450	M450	1120
191.781	310.029	7	10876.695	<BeadTracker.Bead object at 0x000002EBC8F44B20>	0.0	0	1121	1121	2	True	139.0	M450	M450	1121
191.786	310.072	7	10882.833	<BeadTracker.Bead object at 0x000002EBC8F22220>	0.0	0	1122	1122	2	True	138.0	M450	M450	1122
191.809	310.126	7	10877.055	<BeadTracker.Bead object at 0x000002EBC8F228E0>	0.0	0	1123	1123	2	True	139.0	M450	M450	1123
191.789	310.091	7	10883.888	<BeadTracker.Bead object at 0x000002EBC8F22FA0>	0.0	0	1124	1124	2	True	137.0	M450	M450	1124
191.843	310.112	7	10850.195	<BeadTracker.Bead object at 0x000002EBC8F456A0>	0.0	0	1125	1125	2	True	143.0	M450	M450	1125
191.89	310.134	7	10815.087	<BeadTracker.Bead object at 0x000002EBC8F45D60>	0.0	0	1126	1126	2	True	145.0	M450	M450	1126
191.899	310.2	7	10820.645	<BeadTracker.Bead object at 0x000002EBC8F51460>	0.0	0	1127	1127	2	True	146.0	M450	M450	1127
191.91	310.171	7	10808.641	<BeadTracker.Bead object at 0x000002EBC8F51B20>	0.0	0	1128	1128	2	True	146.0	M450	M450	1128
191.929	310.287	7	10788.497	<BeadTracker.Bead object at 0x000002EBC8F2D220>	0.0	0	1129	1129	2	True	147.0	M450	M450	1129
191.954	310.239	7	10779.459	<BeadTracker.Bead object at 0x000002EBC8F2D8E0>	0.0	0	1130	1130	2	True	146.0	M450	M450	1130
191.994	310.324	7	10758.337	<BeadTracker.Bead object at 0x000002EBC8F2DFA0>	0.0	0	1131	1131	2	True	148.0	M450	M450	1131
191.989	310.267	7	10787.329	<BeadTracker.Bead object at 0x000002EBC8F2A6A0>	0.0	0	1132	1132	2	True	147.0	M450	M450	1132
192.005	310.277	7	10732.259	<BeadTracker.Bead object at 0x000002EBC8F2AD60>	0.0	0	1133	1133	2	True	148.0	M450	M450	1133
192.011	310.384	7	10691.255	<BeadTracker.Bead object at 0x000002EBC8F42460>	0.0	0	1134	1134	2	True	149.0	M450	M450	1134
192.069	310.444	7	10682.733	<BeadTracker.Bead object at 0x000002EBC8F42B20>	0.0	0	1135	1135	2	True	149.0	M450	M450	1135
192.093	310.35	7	10692.107	<BeadTracker.Bead object at 0x000002EBC2E47220>	0.0	0	1136	1136	2	True	148.0	M450	M450	1136
192.116	310.315	7	10658.751	<BeadTracker.Bead object at 0x000002EBC2E478E0>	0.0	0	1137	1137	2	True	148.0	M450	M450	1137
192.156	310.292	7	10660.912	<BeadTracker.Bead object at 0x000002EBC2E47FA0>	0.0	0	1138	1138	2	True	149.0	M450	M450	1138
192.223	310.279	7	10625.173	<BeadTracker.Bead object at 0x000002EBC2E346A0>	0.0	0	1139	1139	2	True	149.0	M450	M450	1139
192.299	310.278	7	10614.692	<BeadTracker.Bead object at 0x000002EBC2E34D60>	0.0	0	1140	1140	2	True	149.0	M450	M450	1140
192.335	310.254	7	10523.946	<BeadTracker.Bead object at 0x000002EBC2E46D30>	0.0	0	1141	1141	2	True	150.0	M450	M450	1141
192.355	310.233	7	10530.712	<BeadTracker.Bead object at 0x000002EBC2E46400>	0.0	0	1142	1142	2	True	149.0	M450	M450	1142
192.359	310.157	7	10526.789	<BeadTracker.Bead object at 0x000002EBC2E49B80>	0.0	0	1143	1143	2	True	150.0	M450	M450	1143
192.391	310.298	7	10544.411	<BeadTracker.Bead object at 0x000002EBC2E49D90>	0.0	0	1144	1144	2	True	150.0	M450	M450	1144
192.457	310.176	7	10442.603	<BeadTracker.Bead object at 0x000002EBC2E495E0>	0.0	0	1145	1145	2	True	153.0	M450	M450	1145
192.547	310.299	7	10428.797	<BeadTracker.Bead object at 0x000002EBC2E416A0>	0.0	0	1146	1146	2	True	152.0	M450	M450	1146
192.527	310.342	7	10458.143	<BeadTracker.Bead object at 0x000002EBC2E41D60>	0.0	0	1147	1147	2	True	152.0	M450	M450	1147
192.561	310.201	7	10387.804	<BeadTracker.Bead object at 0x000002EBC2E4C460>	0.0	0	1148	1148	2	True	155.0	M450	M450	1148
192.628	310.274	7	10338.5	<BeadTracker.Bead object at 0x000002EBC2E4CB20>	0.0	0	1149	1149	2	True	154.0	M450	M450	1149
192.644	310.224	7	10333.993	<BeadTracker.Bead object at 0x000002EBC2E1C250>	0.0	0	1150	1150	2	True	155.0	M450	M450	1150
192.708	310.13	7	10297.465	<BeadTracker.Bead object at 0x000002EBC2E1C910>	0.0	0	1151	1151	2	True	159.0	M450	M450	1151
192.702	310.147	7	10300.837	<BeadTracker.Bead object at 0x000002EBC2E1CFD0>	0.0	0	1152	1152	2	True	158.0	M450	M450	1152
192.675	310.172	7	10309.116	<BeadTracker.Bead object at 0x000002EBC1FCA6D0>	0.0	0	1153	1153	2	True	157.0	M450	M450	1153
192.763	310.207	7	10202.511	<BeadTracker.Bead object at 0x000002EBC1FCAD90>	0.0	0	1154	1154	2	True	166.0	M450	M450	1154
192.783	310.166	7	10214.832	<BeadTracker.Bead object at 0x000002EBC1FE5490>	0.0	0	1155	1155	2	True	165.0	M450	M450	1155
192.826	310.218	7	10162.184	<BeadTracker.Bead object at 0x000002EBC1FE5B80>	0.0	0	1156	1156	2	True	167.0	M450	M450	1156
192.845	310.176	7	10135.46	<BeadTracker.Bead object at 0x000002EBC1FF8280>	0.0	0	1157	1157	2	True	168.0	M450	M450	1157
192.831	310.145	7	10092.542	<BeadTracker.Bead object at 0x000002EBC1FF8940>	0.0	0	1158	1158	2	True	169.0	M450	M450	1158
192.867	310.149	7	10020.223	<BeadTracker.Bead object at 0x000002EBC1FF8F10>	0.0	0	1159	1159	2	True	169.0	M450	M450	1159
192.849	310.102	7	10035.508	<BeadTracker.Bead object at 0x000002EBC1FFE700>	0.0	0	1160	1160	2	True	172.0	M450	M450	1160
192.862	310.177	7	10006.049	<BeadTracker.Bead object at 0x000002EBC1FFEDC0>	0.0	0	1161	1161	2	True	170.0	M450	M450	1161
192.892	310.135	7	9984.71	<BeadTracker.Bead object at 0x000002EBC1FDE4C0>	0.0	0	1162	1162	2	True	186.0	M450	M450	1162
192.863	310.082	7	9968.491	<BeadTracker.Bead object at 0x000002EBC1FDEB80>	0.0	0	1163	1163	2	True	184.0	M450	M450	1163
192.883	310.067	7	9973.218	<BeadTracker.Bead object at 0x000002EBC1FCD280>	0.0	0	1164	1164	2	True	183.0	M450	M450	1164
192.851	310.058	7	9969.813	<BeadTracker.Bead object at 0x000002EBC1FCD940>	0.0	0	1165	1165	2	True	184.0	M450	M450	1165
192.951	309.946	7	9944.823	<BeadTracker.Bead object at 0x000002EBC1FCDF10>	0.0	0	1166	1166	2	True	181.0	M450	M450	1166
192.931	310.001	7	9924.098	<BeadTracker.Bead object at 0x000002EBC1FD2700>	0.0	0	1167	1167	2	True	183.0	M450	M450	1167
192.924	309.853	7	9949.727	<BeadTracker.Bead object at 0x000002EBC1FD2DC0>	0.0	0	1168	1168	2	True	180.0	M450	M450	1168
192.948	309.923	7	9935.807	<BeadTracker.Bead object at 0x000002EBBE5044C0>	0.0	0	1169	1169	2	True	181.0	M450	M450	1169
192.945	309.894	7	9902.586	<BeadTracker.Bead object at 0x000002EBBE504BB0>	0.0	0	1170	1170	2	True	181.0	M450	M450	1170
193.163	309.901	0	6980.456	<BeadTracker.Bead object at 0x000002EBBE4FE2B0>	1.0	79	1171	1171	2	True	142.0	M450	M450	1171
193.273	309.675	0	10027.21	<BeadTracker.Bead object at 0x000002EBBE4FE9A0>	2.0	79	1172	1172	2	False	142.0	M450	M450	1172
193.008	309.546	0	11274.706	<BeadTracker.Bead object at 0x000002EBBE4EC0A0>	3.0	79	1173	1173	2	False	142.0	M450	M450	1173
193.392	309.678	0	6917.449	<BeadTracker.Bead object at 0x000002EBBE4EC760>	1.0	80	1174	1174	2	True	105.0	M450	M450	1174
193.317	309.527	0	9907.306	<BeadTracker.Bead object at 0x000002EBBE4ECE20>	2.0	80	1175	1175	2	False	105.0	M450	M450	1175
193.192	309.305	0	11254.359	<BeadTracker.Bead object at 0x000002EBBE4E4520>	3.0	80	1176	1176	2	False	105.0	M450	M450	1176
193.453	309.598	0	6863.499	<BeadTracker.Bead object at 0x000002EBBE4E4BB0>	1.0	81	1177	1177	1	True	66.0	M450	M450	1177
193.403	309.532	0	9880.603	<BeadTracker.Bead object at 0x000002EBBE502310>	2.0	81	1178	1178	2	False	66.0	M450	M450	1178
193.244	309.399	0	11273.973	<BeadTracker.Bead object at 0x000002EBBE5029D0>	3.0	81	1179	1179	2	False	66.0	M450	M450	1179
193.557	309.505	0	6927.797	<BeadTracker.Bead object at 0x000002EBBE502FA0>	1.0	82	1180	1180	1	True	49.0	M450	M450	1180
193.397	309.489	0	9876.836	<BeadTracker.Bead object at 0x000002EBBE4E2790>	2.0	82	1181	1181	2	False	49.0	M450	M450	1181
193.267	309.239	0	11242.085	<BeadTracker.Bead object at 0x000002EBBE4E2E50>	3.0	82	1182	1182	2	False	49.0	M450	M450	1182
193.454	309.782	0	6867.589	<BeadTracker.Bead object at 0x000002EBBE500550>	1.0	83	1183	1183	2	True	29.0	M450	M450	1183
193.256	309.599	0	9881.082	<BeadTracker.Bead object at 0x000002EBBE500C40>	2.0	83	1184	1184	2	False	29.0	M450	M450	1184
193.181	309.312	0	11242.654	<BeadTracker.Bead object at 0x000002EBBE4E3340>	3.0	83	1185	1185	2	False	29.0	M450	M450	1185
193.386	309.882	0	6791.007	<BeadTracker.Bead object at 0x000002EBBE4E3A00>	1.0	84	1186	1186	2	True	45.0	M450	M450	1186
193.247	309.535	0	9795.595	<BeadTracker.Bead object at 0x000002EBC48FC130>	2.0	84	1187	1187	2	False	45.0	M450	M450	1187
193.21	309.548	0	11268.458	<BeadTracker.Bead object at 0x000002EBC48FC7F0>	3.0	84	1188	1188	2	False	45.0	M450	M450	1188
193.296	309.877	0	7042.407	<BeadTracker.Bead object at 0x000002EBC48FCDF0>	1.0	85	1190	1190	2	True	23.0	M450	M450	1190
193.317	309.708	0	10078.287	<BeadTracker.Bead object at 0x000002EBC49004F0>	2.0	85	1191	1191	2	False	23.0	M450	M450	1191
192.997	309.583	0	11207.606	<BeadTracker.Bead object at 0x000002EBC4900BB0>	3.0	85	1192	1192	2	False	23.0	M450	M450	1192
193.326	309.787	0	7118.409	<BeadTracker.Bead object at 0x000002EBC48FA2B0>	1.0	86	1193	1193	2	True	26.0	M450	M450	1193
193.236	309.914	0	10054.821	<BeadTracker.Bead object at 0x000002EBC48FA970>	2.0	86	1194	1194	2	False	26.0	M450	M450	1194
193.06	309.649	0	11171.863	<BeadTracker.Bead object at 0x000002EBC48E5070>	3.0	86	1195	1195	2	False	26.0	M450	M450	1195
193.394	309.676	0	7136.477	<BeadTracker.Bead object at 0x000002EBC48E5730>	1.0	87	1196	1196	2	True	38.0	M450	M450	1196
193.208	309.665	0	10090.865	<BeadTracker.Bead object at 0x000002EBC48E5DF0>	2.0	87	1197	1197	2	False	38.0	M450	M450	1197
193.133	309.365	0	11167.839	<BeadTracker.Bead object at 0x000002EBC48EA4F0>	3.0	87	1198	1198	2	False	38.0	M450	M450	1198
193.386	309.568	0	7118.683	<BeadTracker.Bead object at 0x000002EBC48EABB0>	1.0	88	1199	1199	2	True	48.0	M450	M450	1199
193.234	309.271	0	10080.167	<BeadTracker.Bead object at 0x000002EBC48E22E0>	2.0	88	1200	1200	2	False	48.0	M450	M450	1200
193.193	309.208	0	11251.246	<BeadTracker.Bead object at 0x000002EBC48E29A0>	3.0	88	1201	1201	2	False	48.0	M450	M450	1201
193.195	309.664	0	7127.187	<BeadTracker.Bead object at 0x000002EBC490D0A0>	1.0	89	1202	1202	2	True	39.0	M450	M450	1202
193.198	309.502	0	10103.908	<BeadTracker.Bead object at 0x000002EBC490D760>	2.0	89	1203	1203	2	False	39.0	M450	M450	1203
193.048	309.217	0	11213.79	<BeadTracker.Bead object at 0x000002EBC490DE20>	3.0	89	1204	1204	2	False	39.0	M450	M450	1204
193.16	309.698	0	7135.451	<BeadTracker.Bead object at 0x000002EBC491C520>	1.0	90	1205	1205	2	True	38.0	M450	M450	1205
193.245	309.397	0	10124.539	<BeadTracker.Bead object at 0x000002EBC491CC10>	2.0	90	1206	1206	2	False	38.0	M450	M450	1206
192.951	309.432	0	11210.098	<BeadTracker.Bead object at 0x000002EBC84D47C0>	3.0	90	1207	1207	2	False	38.0	M450	M450	1207
192.949	309.425	8	11011.544	<BeadTracker.Bead object at 0x000002EBC84D4E20>	0.0	0	1208	1208	2	True	78.0	M450	M450	1208
193.064	309.358	8	10313.052	<BeadTracker.Bead object at 0x000002EBC84D30D0>	0.0	0	1209	1209	2	True	118.0	M450	M450	1209
193.096	309.343	8	10061.881	<BeadTracker.Bead object at 0x000002EBC84D3790>	0.0	0	1210	1210	2	True	158.0	M450	M450	1210
193.137	309.267	8	10010.397	<BeadTracker.Bead object at 0x000002EBC84D3E50>	0.0	0	1211	1211	2	True	168.0	M450	M450	1211
193.137	309.175	8	9967.301	<BeadTracker.Bead object at 0x000002EBC8504550>	0.0	0	1212	1212	2	True	185.0	M450	M450	1212
193.143	309.239	8	9994.132	<BeadTracker.Bead object at 0x000002EBC8504C10>	0.0	0	1213	1213	2	True	187.0	M450	M450	1213
193.12	309.158	8	9927.955	<BeadTracker.Bead object at 0x000002EBC84D0310>	0.0	0	1214	1214	2	True	185.0	M450	M450	1214
193.121	309.236	8	9934.298	<BeadTracker.Bead object at 0x000002EBC84D09D0>	0.0	0	1215	1215	2	True	187.0	M450	M450	1215
193.11	309.199	8	9921.992	<BeadTracker.Bead object at 0x000002EBC84FA0D0>	0.0	0	1216	1216	2	True	187.0	M450	M450	1216
193.064	309.236	8	9973.883	<BeadTracker.Bead object at 0x000002EBC84FA790>	0.0	0	1217	1217	2	True	169.0	M450	M450	1217
193.073	309.157	8	9953.427	<BeadTracker.Bead object at 0x000002EBC84FAE50>	0.0	0	1218	1218	2	True	185.0	M450	M450	1218
193.041	309.104	8	10032.15	<BeadTracker.Bead object at 0x000002EBC84D7550>	0.0	0	1219	1219	2	True	182.0	M450	M450	1219
192.975	309.125	8	10041.144	<BeadTracker.Bead object at 0x000002EBC84D7C10>	0.0	0	1220	1220	2	True	170.0	M450	M450	1220
193.013	309.161	8	10011.403	<BeadTracker.Bead object at 0x000002EBC8508310>	0.0	0	1221	1221	2	True	170.0	M450	M450	1221
192.987	309.185	8	10069.144	<BeadTracker.Bead object at 0x000002EBC85089D0>	0.0	0	1222	1222	2	True	169.0	M450	M450	1222
192.983	309.285	8	10041.638	<BeadTracker.Bead object at 0x000002EBC2DFE0D0>	0.0	0	1223	1223	2	True	168.0	M450	M450	1223
192.985	309.243	8	10080.204	<BeadTracker.Bead object at 0x000002EBC2DFE790>	0.0	0	1224	1224	2	True	168.0	M450	M450	1224
192.904	309.182	8	10145.8	<BeadTracker.Bead object at 0x000002EBC2DFEE50>	0.0	0	1225	1225	2	True	168.0	M450	M450	1225
192.927	309.177	8	10127.299	<BeadTracker.Bead object at 0x000002EBC2E09550>	0.0	0	1226	1226	2	True	168.0	M450	M450	1226
192.941	309.272	8	10165.296	<BeadTracker.Bead object at 0x000002EBC2E09C10>	0.0	0	1227	1227	2	True	167.0	M450	M450	1227
192.888	309.301	8	10185.481	<BeadTracker.Bead object at 0x000002EBC2DD4310>	0.0	0	1228	1228	2	True	167.0	M450	M450	1228
192.863	309.289	8	10194.518	<BeadTracker.Bead object at 0x000002EBC2DD49D0>	0.0	0	1229	1229	2	True	167.0	M450	M450	1229
192.869	309.355	8	10207.501	<BeadTracker.Bead object at 0x000002EBC2DE4820>	0.0	0	1230	1230	2	True	154.0	M450	M450	1230
192.86	309.231	8	10259.283	<BeadTracker.Bead object at 0x000002EBC2DE47C0>	0.0	0	1231	1231	2	True	156.0	M450	M450	1231
192.901	309.298	8	10247.801	<BeadTracker.Bead object at 0x000002EBC2DE4790>	0.0	0	1232	1232	2	True	156.0	M450	M450	1232
192.889	309.314	8	10272.214	<BeadTracker.Bead object at 0x000002EBC2E0A550>	0.0	0	1233	1233	2	True	154.0	M450	M450	1233
192.825	309.256	8	10349.414	<BeadTracker.Bead object at 0x000002EBC2E0AC10>	0.0	0	1234	1234	2	True	154.0	M450	M450	1234
192.864	309.267	8	10358.67	<BeadTracker.Bead object at 0x000002EBC2E04310>	0.0	0	1235	1235	2	True	154.0	M450	M450	1235
192.799	309.348	8	10355.239	<BeadTracker.Bead object at 0x000002EBC2E049D0>	0.0	0	1236	1236	2	True	153.0	M450	M450	1236
192.815	309.443	8	10391.413	<BeadTracker.Bead object at 0x000002EBC2DE50D0>	0.0	0	1237	1237	2	True	152.0	M450	M450	1237
192.8	309.477	8	10407.216	<BeadTracker.Bead object at 0x000002EBC2DE5790>	0.0	0	1238	1238	2	True	151.0	M450	M450	1238
192.78	309.271	8	10423.94	<BeadTracker.Bead object at 0x000002EBC2DE5E50>	0.0	0	1239	1239	2	True	152.0	M450	M450	1239
192.741	309.288	8	10500.184	<BeadTracker.Bead object at 0x000002EBC2847550>	0.0	0	1240	1240	2	True	152.0	M450	M450	1240
192.723	309.458	8	10520.565	<BeadTracker.Bead object at 0x000002EBC2847C10>	0.0	0	1241	1241	2	True	151.0	M450	M450	1241
192.703	309.359	8	10527.393	<BeadTracker.Bead object at 0x000002EBC2828310>	0.0	0	1242	1242	2	True	151.0	M450	M450	1242
192.689	309.475	8	10520.78	<BeadTracker.Bead object at 0x000002EBC28289D0>	0.0	0	1243	1243	2	True	151.0	M450	M450	1243
192.602	309.441	8	10533.121	<BeadTracker.Bead object at 0x000002EBC28110D0>	0.0	0	1244	1244	2	True	150.0	M450	M450	1244
192.565	309.389	8	10575.674	<BeadTracker.Bead object at 0x000002EBC2811790>	0.0	0	1245	1245	2	True	150.0	M450	M450	1245
192.559	309.436	8	10628.064	<BeadTracker.Bead object at 0x000002EBC2811E50>	0.0	0	1246	1246	2	True	150.0	M450	M450	1246
192.528	309.482	8	10601.908	<BeadTracker.Bead object at 0x000002EBC284B040>	0.0	0	1247	1247	2	True	150.0	M450	M450	1247
192.467	309.562	8	10633.418	<BeadTracker.Bead object at 0x000002EBC284B550>	0.0	0	1248	1248	2	True	178.0	M450	M450	1248
192.424	309.584	8	10677.676	<BeadTracker.Bead object at 0x000002EBC28250D0>	0.0	0	1249	1249	2	True	178.0	M450	M450	1249
192.403	309.498	8	10693.633	<BeadTracker.Bead object at 0x000002EBC2825520>	0.0	0	1250	1250	2	True	148.0	M450	M450	1250
192.37	309.682	8	10722.225	<BeadTracker.Bead object at 0x000002EBC283D0D0>	0.0	0	1251	1251	2	True	160.0	M450	M450	1251
192.266	309.69	8	10828.831	<BeadTracker.Bead object at 0x000002EBC283D790>	0.0	0	1252	1252	2	True	139.0	M450	M450	1252
192.172	309.636	8	10811.584	<BeadTracker.Bead object at 0x000002EBC283DE50>	0.0	0	1253	1253	2	True	160.0	M450	M450	1253
192.149	309.612	8	10761.827	<BeadTracker.Bead object at 0x000002EBC2846550>	0.0	0	1254	1254	2	True	178.0	M450	M450	1254
192.12	309.496	8	10853.298	<BeadTracker.Bead object at 0x000002EBC2846C10>	0.0	0	1255	1255	2	True	147.0	M450	M450	1255
192.09	309.399	8	10849.293	<BeadTracker.Bead object at 0x000002EBC29B47C0>	0.0	0	1256	1256	2	True	127.0	M450	M450	1256
192.021	309.43	8	10869.738	<BeadTracker.Bead object at 0x000002EBC29B4E20>	0.0	0	1257	1257	2	True	147.0	M450	M450	1257
191.921	309.417	8	10902.804	<BeadTracker.Bead object at 0x000002EBC29B30D0>	0.0	0	1258	1258	2	True	147.0	M450	M450	1258
191.863	309.268	8	10925.329	<BeadTracker.Bead object at 0x000002EBC29B3790>	0.0	0	1259	1259	2	True	129.0	M450	M450	1259
191.811	309.261	8	10956.26	<BeadTracker.Bead object at 0x000002EBC29B3E50>	0.0	0	1260	1260	2	True	128.0	M450	M450	1260
191.776	309.263	8	10996.804	<BeadTracker.Bead object at 0x000002EBC29B9550>	0.0	0	1261	1261	2	True	127.0	M450	M450	1261
191.649	309.138	8	11058.811	<BeadTracker.Bead object at 0x000002EBC29B9C10>	0.0	0	1262	1262	2	True	130.0	M450	M450	1262
191.555	308.988	8	11076.647	<BeadTracker.Bead object at 0x000002EBC29BF310>	0.0	0	1263	1263	2	True	134.0	M450	M450	1263
191.533	308.923	8	11073.763	<BeadTracker.Bead object at 0x000002EBC29BF9D0>	0.0	0	1264	1264	2	True	136.0	M450	M450	1264
191.479	308.793	8	11103.65	<BeadTracker.Bead object at 0x000002EBC29900D0>	0.0	0	1265	1265	2	True	136.0	M450	M450	1265
191.463	308.789	8	11124.77	<BeadTracker.Bead object at 0x000002EBC2990790>	0.0	0	1266	1266	2	True	135.0	M450	M450	1266
191.387	308.753	8	11131.433	<BeadTracker.Bead object at 0x000002EBC2990E50>	0.0	0	1267	1267	2	True	137.0	M450	M450	1267
191.351	308.617	8	11127.063	<BeadTracker.Bead object at 0x000002EBC29C2550>	0.0	0	1268	1268	2	True	137.0	M450	M450	1268
191.321	308.534	8	11088.462	<BeadTracker.Bead object at 0x000002EBC29C2C10>	0.0	0	1269	1269	2	True	138.0	M450	M450	1269
191.291	308.449	8	11123.042	<BeadTracker.Bead object at 0x000002EBC29B8310>	0.0	0	1270	1270	2	True	122.0	M450	M450	1270
191.235	308.439	8	11138.095	<BeadTracker.Bead object at 0x000002EBC29B89D0>	0.0	0	1271	1271	2	True	122.0	M450	M450	1271
191.191	308.376	8	11142.493	<BeadTracker.Bead object at 0x000002EBBDA7F0D0>	0.0	0	1272	1272	2	True	122.0	M450	M450	1272
191.148	308.269	8	11200.175	<BeadTracker.Bead object at 0x000002EBBDA7F790>	0.0	0	1273	1273	2	True	120.0	M450	M450	1273
191.134	308.298	8	11190.54	<BeadTracker.Bead object at 0x000002EBBDA7FE50>	0.0	0	1274	1274	2	True	121.0	M450	M450	1274
191.184	308.349	8	11190.785	<BeadTracker.Bead object at 0x000002EBBDAA4550>	0.0	0	1275	1275	2	True	122.0	M450	M450	1275
191.191	308.503	8	11180.924	<BeadTracker.Bead object at 0x000002EBBDAA4C10>	0.0	0	1276	1276	2	True	138.0	M450	M450	1276
191.17	308.655	8	11130.696	<BeadTracker.Bead object at 0x000002EBBDAAF310>	0.0	0	1277	1277	2	True	137.0	M450	M450	1277
191.175	308.625	8	11114.467	<BeadTracker.Bead object at 0x000002EBBDAAF9D0>	0.0	0	1278	1278	2	True	137.0	M450	M450	1278
191.233	308.813	8	11124.224	<BeadTracker.Bead object at 0x000002EBBDA870D0>	0.0	0	1279	1279	2	True	136.0	M450	M450	1279
191.218	308.937	8	11136.725	<BeadTracker.Bead object at 0x000002EBBDA87790>	0.0	0	1280	1280	2	True	112.0	M450	M450	1280
191.189	309.047	8	11125.887	<BeadTracker.Bead object at 0x000002EBBDA87E50>	0.0	0	1281	1281	2	True	113.0	M450	M450	1281
191.193	309.13	8	11155.878	<BeadTracker.Bead object at 0x000002EBBDA80550>	0.0	0	1282	1282	2	True	114.0	M450	M450	1282
191.214	309.171	8	11092.858	<BeadTracker.Bead object at 0x000002EBBDA80C10>	0.0	0	1283	1283	2	True	116.0	M450	M450	1283
191.213	309.242	8	11099.015	<BeadTracker.Bead object at 0x000002EBBDA81310>	0.0	0	1284	1284	2	True	122.0	M450	M450	1284
191.222	309.326	8	11080.282	<BeadTracker.Bead object at 0x000002EBBDA819D0>	0.0	0	1285	1285	2	True	122.0	M450	M450	1285
191.215	309.418	8	11074.3	<BeadTracker.Bead object at 0x000002EBBDA720D0>	0.0	0	1286	1286	2	True	122.0	M450	M450	1286
191.233	309.452	8	11019.034	<BeadTracker.Bead object at 0x000002EBBDA72790>	0.0	0	1287	1287	2	True	123.0	M450	M450	1287
191.22	309.451	8	11060.422	<BeadTracker.Bead object at 0x000002EBBDA72E50>	0.0	0	1288	1288	2	True	123.0	M450	M450	1288
191.255	309.545	8	11032.479	<BeadTracker.Bead object at 0x000002EBC2B2D550>	0.0	0	1289	1289	2	True	138.0	M450	M450	1289
191.253	309.505	8	10999.482	<BeadTracker.Bead object at 0x000002EBC2B2DC10>	0.0	0	1290	1290	2	True	138.0	M450	M450	1290
191.272	309.557	8	11053.43	<BeadTracker.Bead object at 0x000002EBC2B1C310>	0.0	0	1291	1291	2	True	138.0	M450	M450	1291
191.242	309.646	8	11018.415	<BeadTracker.Bead object at 0x000002EBC2B1C9D0>	0.0	0	1292	1292	2	True	138.0	M450	M450	1292
191.262	309.568	8	10999.155	<BeadTracker.Bead object at 0x000002EBC2B4C0D0>	0.0	0	1293	1293	2	True	138.0	M450	M450	1293
191.262	309.648	8	11020.984	<BeadTracker.Bead object at 0x000002EBC2B4C790>	0.0	0	1294	1294	2	True	138.0	M450	M450	1294
191.296	309.669	8	10937.27	<BeadTracker.Bead object at 0x000002EBC2B4CE50>	0.0	0	1295	1295	2	True	138.0	M450	M450	1295
191.32	309.674	8	10959.901	<BeadTracker.Bead object at 0x000002EBC2B10520>	0.0	0	1296	1296	2	True	138.0	M450	M450	1296
191.304	309.748	8	10973.191	<BeadTracker.Bead object at 0x000002EBC2B10340>	0.0	0	1297	1297	2	True	138.0	M450	M450	1297
191.317	309.71	8	10903.918	<BeadTracker.Bead object at 0x000002EBC2B33B20>	0.0	0	1298	1298	2	True	138.0	M450	M450	1298
191.337	309.719	8	10918.806	<BeadTracker.Bead object at 0x000002EBC2B33DF0>	0.0	0	1299	1299	2	True	138.0	M450	M450	1299
191.333	309.672	8	10937.292	<BeadTracker.Bead object at 0x000002EBC2B280D0>	0.0	0	1300	1300	2	True	138.0	M450	M450	1300
191.358	309.706	8	10902.114	<BeadTracker.Bead object at 0x000002EBC2B28790>	0.0	0	1301	1301	2	True	138.0	M450	M450	1301
191.398	309.574	8	10875.809	<BeadTracker.Bead object at 0x000002EBC2B28E50>	0.0	0	1302	1302	2	True	139.0	M450	M450	1302
191.476	309.576	8	10901.176	<BeadTracker.Bead object at 0x000002EBC2B29550>	0.0	0	1303	1303	2	True	139.0	M450	M450	1303
191.511	309.593	8	10877.554	<BeadTracker.Bead object at 0x000002EBC2B29C10>	0.0	0	1304	1304	2	True	140.0	M450	M450	1304
191.504	309.608	8	10861.475	<BeadTracker.Bead object at 0x000002EBC296D310>	0.0	0	1305	1305	2	True	140.0	M450	M450	1305
191.559	309.547	8	10841.412	<BeadTracker.Bead object at 0x000002EBC296D9D0>	0.0	0	1306	1306	2	True	178.0	M450	M450	1306
191.588	309.608	8	10826.585	<BeadTracker.Bead object at 0x000002EBC29550D0>	0.0	0	1307	1307	2	True	160.0	M450	M450	1307
191.65	309.585	8	10752.614	<BeadTracker.Bead object at 0x000002EBC2955790>	0.0	0	1308	1308	2	True	178.0	M450	M450	1308
191.67	309.602	8	10785.895	<BeadTracker.Bead object at 0x000002EBC2955E50>	0.0	0	1309	1309	2	True	160.0	M450	M450	1309
191.727	309.55	8	10717.25	<BeadTracker.Bead object at 0x000002EBC2970550>	0.0	0	1310	1310	2	True	178.0	M450	M450	1310
191.755	309.676	8	10744.061	<BeadTracker.Bead object at 0x000002EBC2970C10>	0.0	0	1311	1311	2	True	140.0	M450	M450	1311
191.867	309.578	8	10736.782	<BeadTracker.Bead object at 0x000002EBC297E070>	0.0	0	1312	1312	2	True	178.0	M450	M450	1312
191.863	309.645	8	10723.998	<BeadTracker.Bead object at 0x000002EBC297E9A0>	0.0	0	1313	1313	2	True	160.0	M450	M450	1313
191.909	309.599	8	10681.814	<BeadTracker.Bead object at 0x000002EBC29640D0>	0.0	0	1314	1314	2	True	178.0	M450	M450	1314
191.943	309.616	8	10663.498	<BeadTracker.Bead object at 0x000002EBC2964790>	0.0	0	1315	1315	2	True	178.0	M450	M450	1315
192.002	309.439	8	10619.853	<BeadTracker.Bead object at 0x000002EBC2964E50>	0.0	0	1316	1316	2	True	149.0	M450	M450	1316
192.042	309.505	8	10548.593	<BeadTracker.Bead object at 0x000002EBC2983550>	0.0	0	1317	1317	2	True	178.0	M450	M450	1317
192.048	309.561	8	10574.708	<BeadTracker.Bead object at 0x000002EBC2983C10>	0.0	0	1318	1318	2	True	178.0	M450	M450	1318
192.071	309.49	8	10550.858	<BeadTracker.Bead object at 0x000002EBC297D310>	0.0	0	1319	1319	2	True	150.0	M450	M450	1319
192.047	309.473	8	10525.43	<BeadTracker.Bead object at 0x000002EBC297D9D0>	0.0	0	1320	1320	2	True	150.0	M450	M450	1320
192.061	309.374	8	10511.241	<BeadTracker.Bead object at 0x000002EBC293E0D0>	0.0	0	1321	1321	2	True	150.0	M450	M450	1321
192.096	309.276	8	10458.015	<BeadTracker.Bead object at 0x000002EBC293E790>	0.0	0	1322	1322	2	True	152.0	M450	M450	1322
192.109	309.291	8	10492.403	<BeadTracker.Bead object at 0x000002EBC293EE50>	0.0	0	1323	1323	2	True	150.0	M450	M450	1323
192.141	309.265	8	10427.293	<BeadTracker.Bead object at 0x000002EBC2941550>	0.0	0	1324	1324	2	True	152.0	M450	M450	1324
192.117	309.321	8	10406.829	<BeadTracker.Bead object at 0x000002EBC2941C10>	0.0	0	1325	1325	2	True	151.0	M450	M450	1325
192.162	309.17	8	10386.361	<BeadTracker.Bead object at 0x000002EBC2949310>	0.0	0	1326	1326	2	True	155.0	M450	M450	1326
192.138	309.137	8	10359.144	<BeadTracker.Bead object at 0x000002EBC29499D0>	0.0	0	1327	1327	2	True	157.0	M450	M450	1327
192.198	309.144	8	10319.581	<BeadTracker.Bead object at 0x000002EBC2932160>	0.0	0	1328	1328	2	True	156.0	M450	M450	1328
192.208	309.091	8	10282.326	<BeadTracker.Bead object at 0x000002EBC2932970>	0.0	0	1329	1329	2	True	160.0	M450	M450	1329
192.201	309.117	8	10268.117	<BeadTracker.Bead object at 0x000002EBC2932DF0>	0.0	0	1330	1330	2	True	160.0	M450	M450	1330
192.115	309.229	8	10286.456	<BeadTracker.Bead object at 0x000002EBC294E550>	0.0	0	1331	1331	2	True	155.0	M450	M450	1331
192.177	309.202	8	10244.3	<BeadTracker.Bead object at 0x000002EBC294EC10>	0.0	0	1332	1332	2	True	157.0	M450	M450	1332
192.209	309.292	8	10229.908	<BeadTracker.Bead object at 0x000002EBC2934310>	0.0	0	1333	1333	2	True	154.0	M450	M450	1333
192.16	309.276	8	10202.235	<BeadTracker.Bead object at 0x000002EBC29349D0>	0.0	0	1334	1334	2	True	155.0	M450	M450	1334
192.19	309.268	8	10163.019	<BeadTracker.Bead object at 0x000002EBC29300D0>	0.0	0	1335	1335	2	True	156.0	M450	M450	1335
192.234	309.347	8	10162.192	<BeadTracker.Bead object at 0x000002EBC2930790>	0.0	0	1336	1336	2	True	155.0	M450	M450	1336
192.254	309.28	8	10197.149	<BeadTracker.Bead object at 0x000002EBC2930E50>	0.0	0	1337	1337	2	True	156.0	M450	M450	1337
192.282	309.329	8	10150.992	<BeadTracker.Bead object at 0x000002EBBFA2C550>	0.0	0	1338	1338	2	True	155.0	M450	M450	1338
192.263	309.226	8	10172.946	<BeadTracker.Bead object at 0x000002EBBFA2CC10>	0.0	0	1339	1339	2	True	158.0	M450	M450	1339
192.28	309.236	8	10120.282	<BeadTracker.Bead object at 0x000002EBBFA16310>	0.0	0	1340	1340	2	True	161.0	M450	M450	1340
192.556	309.276	0	7203.662	<BeadTracker.Bead object at 0x000002EBBFA169D0>	1.0	91	1341	1341	2	True	122.0	M450	M450	1341
192.412	309.339	0	10157.616	<BeadTracker.Bead object at 0x000002EBBF9FC100>	2.0	91	1342	1342	2	False	122.0	M450	M450	1342
192.315	309.087	0	11089.576	<BeadTracker.Bead object at 0x000002EBBF9FC7C0>	3.0	91	1343	1343	2	False	122.0	M450	M450	1343
192.618	308.958	0	7268.038	<BeadTracker.Bead object at 0x000002EBBF9FCE80>	1.0	92	1344	1344	2	True	83.0	M450	M450	1344
192.422	309.005	0	10137.025	<BeadTracker.Bead object at 0x000002EBBFA024F0>	2.0	92	1345	1345	2	False	83.0	M450	M450	1345
192.449	308.824	0	11101.025	<BeadTracker.Bead object at 0x000002EBBFA025B0>	3.0	92	1346	1346	2	False	83.0	M450	M450	1346
192.712	309.013	0	7238.176	<BeadTracker.Bead object at 0x000002EBBFA2D370>	1.0	93	1347	1347	2	True	45.0	M450	M450	1347
192.59	308.833	0	10156.638	<BeadTracker.Bead object at 0x000002EBBFA2DA60>	2.0	93	1348	1348	2	False	45.0	M450	M450	1348
192.488	308.654	0	11051.418	<BeadTracker.Bead object at 0x000002EBBFA11160>	3.0	93	1349	1349	2	False	45.0	M450	M450	1349
192.658	308.707	0	7140.32	<BeadTracker.Bead object at 0x000002EBBFA11820>	1.0	94	1350	1350	2	True	39.0	M450	M450	1350
192.617	308.438	0	10164.931	<BeadTracker.Bead object at 0x000002EBBFA11F10>	2.0	94	1351	1351	2	False	39.0	M450	M450	1351
192.437	308.436	0	11050.882	<BeadTracker.Bead object at 0x000002EBBFA0D610>	3.0	94	1352	1352	2	False	39.0	M450	M450	1352
192.571	308.485	0	7114.668	<BeadTracker.Bead object at 0x000002EBBFA0DCD0>	1.0	95	1353	1353	2	True	29.0	M450	M450	1353
192.675	308.175	0	10091.655	<BeadTracker.Bead object at 0x000002EBC46CE6A0>	2.0	95	1354	1354	2	False	29.0	M450	M450	1354
192.41	308.267	0	11113.763	<BeadTracker.Bead object at 0x000002EBC46CEF70>	3.0	95	1355	1355	2	False	29.0	M450	M450	1355
192.585	308.403	0	7224.34	<BeadTracker.Bead object at 0x000002EBC46DB1C0>	1.0	96	1356	1356	2	True	26.0	M450	M450	1356
192.62	308.157	0	10150.698	<BeadTracker.Bead object at 0x000002EBC46DB8B0>	2.0	96	1357	1357	2	False	26.0	M450	M450	1357
192.333	308.008	0	11084.528	<BeadTracker.Bead object at 0x000002EBC46DBF70>	3.0	96	1358	1358	2	False	26.0	M450	M450	1358
192.427	307.422	0	7084.601	<BeadTracker.Bead object at 0x000002EBC46A7580>	1.0	97	1360	1360	1	True	23.0	M450	M450	1360
192.388	307.176	0	10031.961	<BeadTracker.Bead object at 0x000002EBC46A7CA0>	2.0	97	1361	1361	2	False	23.0	M450	M450	1361
192.137	307.094	0	11148.52	<BeadTracker.Bead object at 0x000002EBC46D93A0>	3.0	97	1362	1362	2	False	23.0	M450	M450	1362
192.454	307.173	0	7117.56	<BeadTracker.Bead object at 0x000002EBC46D9A30>	1.0	98	1363	1363	1	True	31.0	M450	M450	1363
192.264	307.11	0	10035.368	<BeadTracker.Bead object at 0x000002EBC46A1190>	2.0	98	1364	1364	2	False	31.0	M450	M450	1364
192.137	306.919	0	11128.508	<BeadTracker.Bead object at 0x000002EBC46A1850>	3.0	98	1365	1365	2	False	31.0	M450	M450	1365
192.364	307.089	0	7109.146	<BeadTracker.Bead object at 0x000002EBC46A1EE0>	1.0	99	1366	1366	1	True	28.0	M450	M450	1366
192.159	307.062	0	10097.386	<BeadTracker.Bead object at 0x000002EBC46D0640>	2.0	99	1367	1367	2	False	28.0	M450	M450	1367
192.052	306.886	0	11075.786	<BeadTracker.Bead object at 0x000002EBC46D0D00>	3.0	99	1368	1368	2	False	28.0	M450	M450	1368
192.144	307.279	0	7217.601	<BeadTracker.Bead object at 0x000002EBC46DF3D0>	1.0	100	1369	1369	1	True	21.0	M450	M450	1369
192.06	307.026	0	10159.705	<BeadTracker.Bead object at 0x000002EBC46DFAF0>	2.0	100	1370	1370	2	False	21.0	M450	M450	1370
191.923	306.984	0	11143.548	<BeadTracker.Bead object at 0x000002EBC73D11F0>	3.0	100	1371	1371	2	False	21.0	M450	M450	1371
192.007	307.007	0	7283.3	<BeadTracker.Bead object at 0x000002EBC73D1880>	1.0	101	1372	1372	1	True	24.0	M450	M450	1372
192.036	306.996	0	10208.876	<BeadTracker.Bead object at 0x000002EBC73D1FA0>	2.0	101	1373	1373	2	False	24.0	M450	M450	1373
191.863	306.868	0	11050.637	<BeadTracker.Bead object at 0x000002EBC73F36A0>	3.0	101	1374	1374	2	False	24.0	M450	M450	1374
192.089	307.139	0	7259.51	<BeadTracker.Bead object at 0x000002EBC73F3D30>	1.0	102	1375	1375	1	True	29.0	M450	M450	1375
192.171	306.928	0	10216.029	<BeadTracker.Bead object at 0x000002EBC7407520>	2.0	102	1376	1376	2	False	29.0	M450	M450	1376
191.92	306.831	0	11061.986	<BeadTracker.Bead object at 0x000002EBC7407BE0>	3.0	102	1377	1377	2	False	29.0	M450	M450	1377
191.931	306.938	9	11055.462	<BeadTracker.Bead object at 0x000002EBC740E7F0>	0.0	0	1378	1378	2	True	69.0	M450	M450	1378
192.113	306.931	9	10415.853	<BeadTracker.Bead object at 0x000002EBC740EFD0>	0.0	0	1379	1379	2	True	109.0	M450	M450	1379
192.19	306.871	9	10084.278	<BeadTracker.Bead object at 0x000002EBC740EF70>	0.0	0	1380	1380	2	True	149.0	M450	M450	1380
192.207	306.903	9	10004.988	<BeadTracker.Bead object at 0x000002EBC73FB6D0>	0.0	0	1381	1381	2	True	180.0	M450	M450	1381
192.228	306.814	9	9957.101	<BeadTracker.Bead object at 0x000002EBC73FBD90>	0.0	0	1382	1382	2	True	180.0	M450	M450	1382
192.198	306.831	9	10041.757	<BeadTracker.Bead object at 0x000002EBC73EE490>	0.0	0	1383	1383	2	True	180.0	M450	M450	1383
192.185	306.677	9	10043.648	<BeadTracker.Bead object at 0x000002EBC73EEB50>	0.0	0	1384	1384	2	True	179.0	M450	M450	1384
192.209	306.739	9	10027.825	<BeadTracker.Bead object at 0x000002EBC4C48250>	0.0	0	1385	1385	2	True	180.0	M450	M450	1385
192.188	306.755	9	10038.206	<BeadTracker.Bead object at 0x000002EBC4C48910>	0.0	0	1386	1386	2	True	179.0	M450	M450	1386
192.161	306.779	9	10051.453	<BeadTracker.Bead object at 0x000002EBC4C48FD0>	0.0	0	1387	1387	2	True	180.0	M450	M450	1387
192.158	306.674	9	10004.365	<BeadTracker.Bead object at 0x000002EBC4C2FCD0>	0.0	0	1388	1388	2	True	180.0	M450	M450	1388
192.142	306.822	9	10058.286	<BeadTracker.Bead object at 0x000002EBC4C2FC10>	0.0	0	1389	1389	2	True	179.0	M450	M450	1389
192.138	306.825	9	10026.573	<BeadTracker.Bead object at 0x000002EBC4C184F0>	0.0	0	1390	1390	2	True	179.0	M450	M450	1390
192.103	306.887	9	10059.29	<BeadTracker.Bead object at 0x000002EBC4C18D90>	0.0	0	1391	1391	2	True	179.0	M450	M450	1391
192.074	306.897	9	10111.196	<BeadTracker.Bead object at 0x000002EBC4C20250>	0.0	0	1392	1392	2	True	179.0	M450	M450	1392
192.116	306.889	9	10105.007	<BeadTracker.Bead object at 0x000002EBC4C20910>	0.0	0	1393	1393	2	True	179.0	M450	M450	1393
192.106	306.859	9	10136.907	<BeadTracker.Bead object at 0x000002EBC4C20FD0>	0.0	0	1394	1394	2	True	179.0	M450	M450	1394
192.057	306.929	9	10172.167	<BeadTracker.Bead object at 0x000002EBC4C196D0>	0.0	0	1395	1395	2	True	179.0	M450	M450	1395
192.026	306.929	9	10186.741	<BeadTracker.Bead object at 0x000002EBC4C19D90>	0.0	0	1396	1396	2	True	178.0	M450	M450	1396
192.018	307.065	9	10215.987	<BeadTracker.Bead object at 0x000002EBC4C21490>	0.0	0	1397	1397	2	True	164.0	M450	M450	1397
192.078	306.901	9	10223.459	<BeadTracker.Bead object at 0x000002EBC4C21B50>	0.0	0	1398	1398	2	True	178.0	M450	M450	1398
192.004	306.958	9	10255.139	<BeadTracker.Bead object at 0x000002EBC4C1C250>	0.0	0	1399	1399	2	True	178.0	M450	M450	1399
192.034	306.935	9	10288.43	<BeadTracker.Bead object at 0x000002EBC4C1C910>	0.0	0	1400	1400	2	True	178.0	M450	M450	1400
191.964	307.046	9	10346.628	<BeadTracker.Bead object at 0x000002EBC4C1CFD0>	0.0	0	1401	1401	2	True	160.0	M450	M450	1401
191.946	306.99	9	10336.711	<BeadTracker.Bead object at 0x000002EBC4C336D0>	0.0	0	1402	1402	2	True	161.0	M450	M450	1402
191.985	306.994	9	10317.904	<BeadTracker.Bead object at 0x000002EBC4C33D90>	0.0	0	1403	1403	2	True	162.0	M450	M450	1403
191.928	307.093	9	10389.069	<BeadTracker.Bead object at 0x000002EBC092B490>	0.0	0	1404	1404	2	True	157.0	M450	M450	1404
191.949	307.105	9	10424.515	<BeadTracker.Bead object at 0x000002EBC092BB50>	0.0	0	1405	1405	2	True	157.0	M450	M450	1405
191.932	307.067	9	10403.806	<BeadTracker.Bead object at 0x000002EBC091ECA0>	0.0	0	1406	1406	2	True	159.0	M450	M450	1406
191.922	307.138	9	10469.633	<BeadTracker.Bead object at 0x000002EBC091E880>	0.0	0	1407	1407	2	True	154.0	M450	M450	1407
191.941	307.109	9	10469.539	<BeadTracker.Bead object at 0x000002EBC091E370>	0.0	0	1408	1408	2	True	155.0	M450	M450	1408
191.88	307.24	9	10502.269	<BeadTracker.Bead object at 0x000002EBC090D6D0>	0.0	0	1409	1409	2	True	151.0	M450	M450	1409
191.856	307.19	9	10536.838	<BeadTracker.Bead object at 0x000002EBC090DD90>	0.0	0	1410	1410	2	True	151.0	M450	M450	1410
191.837	307.251	9	10548.252	<BeadTracker.Bead object at 0x000002EBC0939490>	0.0	0	1411	1411	2	True	151.0	M450	M450	1411
191.827	307.201	9	10581.577	<BeadTracker.Bead object at 0x000002EBC0939B50>	0.0	0	1412	1412	2	True	150.0	M450	M450	1412
191.759	307.379	9	10586.916	<BeadTracker.Bead object at 0x000002EBC0914250>	0.0	0	1413	1413	2	True	150.0	M450	M450	1413
191.712	307.386	9	10610.67	<BeadTracker.Bead object at 0x000002EBC0914910>	0.0	0	1414	1414	2	True	150.0	M450	M450	1414
191.684	307.463	9	10619.574	<BeadTracker.Bead object at 0x000002EBC0914FD0>	0.0	0	1415	1415	2	True	150.0	M450	M450	1415
191.597	307.596	9	10634.936	<BeadTracker.Bead object at 0x000002EBC09236D0>	0.0	0	1416	1416	2	True	178.0	M450	M450	1416
191.542	307.611	9	10703.636	<BeadTracker.Bead object at 0x000002EBC0923D90>	0.0	0	1417	1417	2	True	178.0	M450	M450	1417
191.501	307.543	9	10723.046	<BeadTracker.Bead object at 0x000002EBC093F490>	0.0	0	1418	1418	2	True	178.0	M450	M450	1418
191.419	307.713	9	10753.952	<BeadTracker.Bead object at 0x000002EBC093FB50>	0.0	0	1419	1419	2	True	140.0	M450	M450	1419
191.417	307.567	9	10768.396	<BeadTracker.Bead object at 0x000002EBC2E925E0>	0.0	0	1420	1420	2	True	178.0	M450	M450	1420
191.352	307.539	9	10783.429	<BeadTracker.Bead object at 0x000002EBC2E92610>	0.0	0	1421	1421	2	True	178.0	M450	M450	1421
191.305	307.585	9	10814.902	<BeadTracker.Bead object at 0x000002EBC2E928E0>	0.0	0	1422	1422	2	True	178.0	M450	M450	1422
191.245	307.667	9	10867.832	<BeadTracker.Bead object at 0x000002EBC2EB96D0>	0.0	0	1423	1423	2	True	139.0	M450	M450	1423
191.191	307.658	9	10841.932	<BeadTracker.Bead object at 0x000002EBC2EB9D90>	0.0	0	1424	1424	2	True	139.0	M450	M450	1424
191.152	307.605	9	10869.323	<BeadTracker.Bead object at 0x000002EBC2EB3820>	0.0	0	1425	1425	2	True	139.0	M450	M450	1425
191.063	307.585	9	10883.986	<BeadTracker.Bead object at 0x000002EBC2EB3E80>	0.0	0	1426	1426	2	True	139.0	M450	M450	1426
191.035	307.653	9	10914.578	<BeadTracker.Bead object at 0x000002EBC2EC0E50>	0.0	0	1427	1427	2	True	139.0	M450	M450	1427
190.942	307.605	9	10929.942	<BeadTracker.Bead object at 0x000002EBC2EC0850>	0.0	0	1428	1428	2	True	139.0	M450	M450	1428
190.94	307.569	9	10911.412	<BeadTracker.Bead object at 0x000002EBC2EC0B50>	0.0	0	1429	1429	2	True	139.0	M450	M450	1429
190.889	307.547	9	10937.231	<BeadTracker.Bead object at 0x000002EBC2EBA970>	0.0	0	1430	1430	2	True	139.0	M450	M450	1430
190.84	307.466	9	10949.265	<BeadTracker.Bead object at 0x000002EBC2EBA940>	0.0	0	1431	1431	2	True	125.0	M450	M450	1431
190.79	307.41	9	10982.173	<BeadTracker.Bead object at 0x000002EBC2EC8490>	0.0	0	1432	1432	2	True	125.0	M450	M450	1432
190.703	307.474	9	11004.146	<BeadTracker.Bead object at 0x000002EBC2EC8B50>	0.0	0	1433	1433	2	True	125.0	M450	M450	1433
190.68	307.424	9	11000.575	<BeadTracker.Bead object at 0x000002EBC2EB4250>	0.0	0	1434	1434	2	True	125.0	M450	M450	1434
190.641	307.441	9	11036.363	<BeadTracker.Bead object at 0x000002EBC2EB4910>	0.0	0	1435	1435	2	True	125.0	M450	M450	1435
190.585	307.189	9	11057.528	<BeadTracker.Bead object at 0x000002EBC2EB4FD0>	0.0	0	1436	1436	2	True	125.0	M450	M450	1436
190.545	307.08	9	11090.56	<BeadTracker.Bead object at 0x000002EBC7F179A0>	0.0	0	1437	1437	2	True	126.0	M450	M450	1437
190.475	307.019	9	11086.684	<BeadTracker.Bead object at 0x000002EBC7F17D60>	0.0	0	1438	1438	2	True	112.0	M450	M450	1438
190.394	306.906	9	11127.269	<BeadTracker.Bead object at 0x000002EBC7F4E9A0>	0.0	0	1439	1439	2	True	135.0	M450	M450	1439
190.351	306.671	9	11117.807	<BeadTracker.Bead object at 0x000002EBC7F4EBE0>	0.0	0	1440	1440	2	True	137.0	M450	M450	1440
190.272	306.594	9	11154.568	<BeadTracker.Bead object at 0x000002EBC7F24250>	0.0	0	1441	1441	2	True	137.0	M450	M450	1441
190.226	306.436	9	11134.626	<BeadTracker.Bead object at 0x000002EBC7F24910>	0.0	0	1442	1442	2	True	122.0	M450	M450	1442
190.153	306.408	9	11188.164	<BeadTracker.Bead object at 0x000002EBC7F24FD0>	0.0	0	1443	1443	2	True	122.0	M450	M450	1443
190.134	306.443	9	11189.164	<BeadTracker.Bead object at 0x000002EBC7F3D9A0>	0.0	0	1444	1444	2	True	121.0	M450	M450	1444
190.124	306.506	9	11178.859	<BeadTracker.Bead object at 0x000002EBC7F3DD60>	0.0	0	1445	1445	2	True	138.0	M450	M450	1445
190.157	306.526	9	11150.692	<BeadTracker.Bead object at 0x000002EBC7F19490>	0.0	0	1446	1446	2	True	137.0	M450	M450	1446
190.212	306.669	9	11175.127	<BeadTracker.Bead object at 0x000002EBC7F19B50>	0.0	0	1447	1447	2	True	111.0	M450	M450	1447
190.198	306.803	9	11163.948	<BeadTracker.Bead object at 0x000002EBC7F38250>	0.0	0	1448	1448	2	True	136.0	M450	M450	1448
190.222	306.869	9	11154.929	<BeadTracker.Bead object at 0x000002EBC7F38910>	0.0	0	1449	1449	2	True	111.0	M450	M450	1449
190.231	306.916	9	11144.035	<BeadTracker.Bead object at 0x000002EBC7F38FD0>	0.0	0	1450	1450	2	True	112.0	M450	M450	1450
190.248	307.113	9	11184.75	<BeadTracker.Bead object at 0x000002EBC7F466D0>	0.0	0	1451	1451	2	True	112.0	M450	M450	1451
190.257	307.145	9	11175.887	<BeadTracker.Bead object at 0x000002EBC7F46D90>	0.0	0	1452	1452	2	True	113.0	M450	M450	1452
190.268	307.233	9	11170.273	<BeadTracker.Bead object at 0x000002EBC7F2A490>	0.0	0	1453	1453	2	True	120.0	M450	M450	1453
190.268	307.288	9	11156.567	<BeadTracker.Bead object at 0x000002EBC7F2AB50>	0.0	0	1454	1454	2	True	121.0	M450	M450	1454
190.278	307.305	9	11154.936	<BeadTracker.Bead object at 0x000002EBC0597250>	0.0	0	1455	1455	2	True	120.0	M450	M450	1455
190.315	307.27	9	11125.466	<BeadTracker.Bead object at 0x000002EBC0597910>	0.0	0	1456	1456	2	True	120.0	M450	M450	1456
190.305	307.326	9	11138.339	<BeadTracker.Bead object at 0x000002EBC0597FD0>	0.0	0	1457	1457	2	True	122.0	M450	M450	1457
190.366	307.468	9	11089.978	<BeadTracker.Bead object at 0x000002EBC059D6D0>	0.0	0	1458	1458	2	True	122.0	M450	M450	1458
190.331	307.626	9	11076.485	<BeadTracker.Bead object at 0x000002EBC059DD90>	0.0	0	1459	1459	2	True	137.0	M450	M450	1459
190.355	307.63	9	11109.474	<BeadTracker.Bead object at 0x000002EBC058E490>	0.0	0	1460	1460	2	True	137.0	M450	M450	1460
190.38	307.603	9	11107.678	<BeadTracker.Bead object at 0x000002EBC058EB50>	0.0	0	1461	1461	2	True	137.0	M450	M450	1461
190.412	307.727	9	11063.878	<BeadTracker.Bead object at 0x000002EBC05A00A0>	0.0	0	1462	1462	2	True	137.0	M450	M450	1462
190.429	307.704	9	11090.946	<BeadTracker.Bead object at 0x000002EBC05A0280>	0.0	0	1463	1463	2	True	137.0	M450	M450	1463
190.436	307.755	9	11090.665	<BeadTracker.Bead object at 0x000002EBC05A0610>	0.0	0	1464	1464	2	True	137.0	M450	M450	1464
190.483	307.69	9	11036.655	<BeadTracker.Bead object at 0x000002EBC05A16D0>	0.0	0	1465	1465	2	True	137.0	M450	M450	1465
190.493	307.735	9	11036.415	<BeadTracker.Bead object at 0x000002EBC05A1D90>	0.0	0	1466	1466	2	True	137.0	M450	M450	1466
190.529	307.72	9	11034.469	<BeadTracker.Bead object at 0x000002EBC0587490>	0.0	0	1467	1467	2	True	138.0	M450	M450	1467
190.542	307.734	9	11023.49	<BeadTracker.Bead object at 0x000002EBC0587B50>	0.0	0	1468	1468	2	True	138.0	M450	M450	1468
190.588	307.784	9	11040.757	<BeadTracker.Bead object at 0x000002EBC05A4250>	0.0	0	1469	1469	2	True	138.0	M450	M450	1469
190.657	307.8	9	11015.521	<BeadTracker.Bead object at 0x000002EBC05A4910>	0.0	0	1470	1470	2	True	138.0	M450	M450	1470
190.713	307.819	9	10990.781	<BeadTracker.Bead object at 0x000002EBC05A4FD0>	0.0	0	1471	1471	2	True	138.0	M450	M450	1471
190.736	307.855	9	10941.465	<BeadTracker.Bead object at 0x000002EBC0650370>	0.0	0	1472	1472	2	True	139.0	M450	M450	1472
190.75	307.703	9	10960.122	<BeadTracker.Bead object at 0x000002EBC0650910>	0.0	0	1473	1473	2	True	138.0	M450	M450	1473
190.813	307.7	9	10950.271	<BeadTracker.Bead object at 0x000002EBC06465E0>	0.0	0	1474	1474	2	True	139.0	M450	M450	1474
190.861	307.665	9	10926.275	<BeadTracker.Bead object at 0x000002EBC0646C10>	0.0	0	1475	1475	2	True	139.0	M450	M450	1475
190.892	307.753	9	10940.503	<BeadTracker.Bead object at 0x000002EBC0658250>	0.0	0	1476	1476	2	True	139.0	M450	M450	1476
190.941	307.698	9	10885.77	<BeadTracker.Bead object at 0x000002EBC0658910>	0.0	0	1477	1477	2	True	139.0	M450	M450	1477
190.962	307.602	9	10838.67	<BeadTracker.Bead object at 0x000002EBC0658FD0>	0.0	0	1478	1478	2	True	160.0	M450	M450	1478
191.047	307.623	9	10866.134	<BeadTracker.Bead object at 0x000002EBC064CE80>	0.0	0	1479	1479	2	True	139.0	M450	M450	1479
191.059	307.642	9	10793.912	<BeadTracker.Bead object at 0x000002EBC064CEB0>	0.0	0	1480	1480	2	True	160.0	M450	M450	1480
191.102	307.605	9	10788.074	<BeadTracker.Bead object at 0x000002EBC064D490>	0.0	0	1481	1481	2	True	160.0	M450	M450	1481
191.114	307.487	9	10734.266	<BeadTracker.Bead object at 0x000002EBC064DB50>	0.0	0	1482	1482	2	True	148.0	M450	M450	1482
191.21	307.619	9	10724.437	<BeadTracker.Bead object at 0x000002EBC0663610>	0.0	0	1483	1483	2	True	178.0	M450	M450	1483
191.206	307.517	9	10734.629	<BeadTracker.Bead object at 0x000002EBC0663580>	0.0	0	1484	1484	2	True	178.0	M450	M450	1484
191.195	307.464	9	10684.881	<BeadTracker.Bead object at 0x000002EBC0663B80>	0.0	0	1485	1485	2	True	148.0	M450	M450	1485
191.253	307.457	9	10644.516	<BeadTracker.Bead object at 0x000002EBC06416D0>	0.0	0	1486	1486	2	True	149.0	M450	M450	1486
191.299	307.502	9	10628.141	<BeadTracker.Bead object at 0x000002EBC0641D90>	0.0	0	1487	1487	2	True	178.0	M450	M450	1487
191.316	307.38	9	10592.534	<BeadTracker.Bead object at 0x000002EBC0667490>	0.0	0	1488	1488	2	True	148.0	M450	M450	1488
191.403	307.421	9	10511.945	<BeadTracker.Bead object at 0x000002EBC0667B50>	0.0	0	1489	1489	2	True	150.0	M450	M450	1489
191.4	307.331	9	10490.697	<BeadTracker.Bead object at 0x000002EBC81665B0>	0.0	0	1490	1490	2	True	150.0	M450	M450	1490
191.426	307.313	9	10484.28	<BeadTracker.Bead object at 0x000002EBC8166BE0>	0.0	0	1491	1491	2	True	151.0	M450	M450	1491
191.444	307.214	9	10422.317	<BeadTracker.Bead object at 0x000002EBC8166F70>	0.0	0	1492	1492	2	True	152.0	M450	M450	1492
191.476	307.293	9	10418.22	<BeadTracker.Bead object at 0x000002EBC81756D0>	0.0	0	1493	1493	2	True	151.0	M450	M450	1493
191.472	307.193	9	10384.228	<BeadTracker.Bead object at 0x000002EBC8175D90>	0.0	0	1494	1494	2	True	154.0	M450	M450	1494
191.522	307.38	9	10390.713	<BeadTracker.Bead object at 0x000002EBC817E490>	0.0	0	1495	1495	2	True	152.0	M450	M450	1495
191.516	307.13	9	10309.395	<BeadTracker.Bead object at 0x000002EBC817EB50>	0.0	0	1496	1496	2	True	157.0	M450	M450	1496
191.545	307.191	9	10322.342	<BeadTracker.Bead object at 0x000002EBC81785B0>	0.0	0	1497	1497	2	True	155.0	M450	M450	1497
191.552	307.149	9	10346.662	<BeadTracker.Bead object at 0x000002EBC8178BE0>	0.0	0	1498	1498	2	True	155.0	M450	M450	1498
191.649	307.136	9	10316.303	<BeadTracker.Bead object at 0x000002EBC8178F70>	0.0	0	1499	1499	2	True	159.0	M450	M450	1499
191.663	307.12	9	10273.665	<BeadTracker.Bead object at 0x000002EBC8151970>	0.0	0	1500	1500	2	True	162.0	M450	M450	1500
191.627	307.146	9	10277.444	<BeadTracker.Bead object at 0x000002EBC8151250>	0.0	0	1501	1501	2	True	163.0	M450	M450	1501
191.679	307.032	9	10240.313	<BeadTracker.Bead object at 0x000002EBC815C490>	0.0	0	1502	1502	2	True	164.0	M450	M450	1502
191.658	307.098	9	10216.86	<BeadTracker.Bead object at 0x000002EBC815CB50>	0.0	0	1503	1503	2	True	165.0	M450	M450	1503
191.696	306.936	9	10165.903	<BeadTracker.Bead object at 0x000002EBC816B250>	0.0	0	1504	1504	2	True	179.0	M450	M450	1504
191.675	306.874	9	10238.584	<BeadTracker.Bead object at 0x000002EBC816B910>	0.0	0	1505	1505	2	True	178.0	M450	M450	1505
191.74	306.925	9	10253.848	<BeadTracker.Bead object at 0x000002EBC816BFD0>	0.0	0	1506	1506	2	True	178.0	M450	M450	1506
191.722	306.87	9	10200.573	<BeadTracker.Bead object at 0x000002EBC817D6D0>	0.0	0	1507	1507	2	True	179.0	M450	M450	1507
191.795	306.872	9	10145.296	<BeadTracker.Bead object at 0x000002EBC817DD90>	0.0	0	1508	1508	2	True	179.0	M450	M450	1508
191.806	306.963	9	10202.874	<BeadTracker.Bead object at 0x000002EBC83B0490>	0.0	0	1509	1509	2	True	178.0	M450	M450	1509
191.792	306.861	9	10198.596	<BeadTracker.Bead object at 0x000002EBC83B0B50>	0.0	0	1510	1510	2	True	178.0	M450	M450	1510
191.867	306.903	0	7362.841	<BeadTracker.Bead object at 0x000002EBC83B8220>	1.0	103	1511	1511	1	True	139.0	M450	M450	1511
191.679	306.822	0	10281.598	<BeadTracker.Bead object at 0x000002EBC83B8940>	2.0	103	1512	1512	2	False	139.0	M450	M450	1512
191.547	306.562	0	10984.847	<BeadTracker.Bead object at 0x000002EBC83B8F10>	3.0	103	1513	1513	2	False	139.0	M450	M450	1513
191.866	306.833	0	7349.655	<BeadTracker.Bead object at 0x000002EBC83CE6D0>	1.0	104	1514	1514	1	True	100.0	M450	M450	1514
191.61	306.769	0	10251.558	<BeadTracker.Bead object at 0x000002EBC83CEDF0>	2.0	104	1515	1515	2	False	100.0	M450	M450	1515
191.63	306.663	0	11002.558	<BeadTracker.Bead object at 0x000002EBC83BC4F0>	3.0	104	1516	1516	2	False	100.0	M450	M450	1516
191.819	306.71	0	7396.953	<BeadTracker.Bead object at 0x000002EBC83BCB80>	1.0	105	1517	1517	1	True	61.0	M450	M450	1517
191.739	306.654	0	10306.968	<BeadTracker.Bead object at 0x000002EBC83912E0>	2.0	105	1518	1518	2	False	61.0	M450	M450	1518
191.735	306.301	0	11002.973	<BeadTracker.Bead object at 0x000002EBC83919A0>	3.0	105	1519	1519	2	False	61.0	M450	M450	1519
191.986	306.401	0	7383.67	<BeadTracker.Bead object at 0x000002EBC8391F70>	1.0	106	1520	1520	1	True	25.0	M450	M450	1520
191.949	306.214	0	10288.271	<BeadTracker.Bead object at 0x000002EBC83CC790>	2.0	106	1521	1521	2	False	25.0	M450	M450	1521
191.803	306.005	0	10964.086	<BeadTracker.Bead object at 0x000002EBC83CCE50>	3.0	106	1522	1522	2	False	25.0	M450	M450	1522
191.96	306.163	0	7479.157	<BeadTracker.Bead object at 0x000002EBC83C1520>	1.0	107	1523	1523	1	True	17.0	M450	M450	1523
191.999	305.94	0	10270.922	<BeadTracker.Bead object at 0x000002EBC83C1C40>	2.0	107	1524	1524	2	False	17.0	M450	M450	1524
191.658	305.893	0	10923.63	<BeadTracker.Bead object at 0x000002EBC8392340>	3.0	107	1525	1525	2	False	17.0	M450	M450	1525
191.797	305.915	0	7498.079	<BeadTracker.Bead object at 0x000002EBC83929D0>	1.0	108	1526	1526	1	True	10.0	M450	M450	1526
191.794	305.453	0	10322.829	<BeadTracker.Bead object at 0x000002EBC742C130>	2.0	108	1527	1527	2	False	10.0	M450	M450	1527
191.505	305.556	0	10868.923	<BeadTracker.Bead object at 0x000002EBC742C7F0>	3.0	108	1528	1528	2	False	10.0	M450	M450	1528
191.628	305.575	0	7481.648	<BeadTracker.Bead object at 0x000002EBC742CDC0>	1.0	109	1530	1530	1	True	29.0	M450	M450	1530
191.405	305.447	0	10346.067	<BeadTracker.Bead object at 0x000002EBC741B760>	2.0	109	1531	1531	2	False	29.0	M450	M450	1531
191.371	305.285	0	10818.924	<BeadTracker.Bead object at 0x000002EBC741BD00>	3.0	109	1532	1532	2	False	29.0	M450	M450	1532
191.447	305.521	0	7584.454	<BeadTracker.Bead object at 0x000002EBC744A2B0>	1.0	110	1533	1533	1	True	18.0	M450	M450	1533
191.4	305.239	0	10412.722	<BeadTracker.Bead object at 0x000002EBC744A9D0>	2.0	110	1534	1534	2	False	18.0	M450	M450	1534
191.259	304.964	0	10754.416	<BeadTracker.Bead object at 0x000002EBC744D0D0>	3.0	110	1535	1535	2	False	18.0	M450	M450	1535
191.4	305.367	0	7605.702	<BeadTracker.Bead object at 0x000002EBC744D760>	1.0	111	1536	1536	1	True	6.0	M450	M450	1536
191.353	305.159	0	10424.441	<BeadTracker.Bead object at 0x000002EBC744DE80>	2.0	111	1537	1537	2	False	6.0	M450	M450	1537
191.109	305.001	0	10843.995	<BeadTracker.Bead object at 0x000002EBC7442580>	3.0	111	1538	1538	2	False	6.0	M450	M450	1538
191.371	305.136	0	7492.442	<BeadTracker.Bead object at 0x000002EBC7442C10>	1.0	112	1539	1539	1	True	24.0	M450	M450	1539
191.316	305.098	0	10265.601	<BeadTracker.Bead object at 0x000002EBC7412370>	2.0	112	1540	1540	2	False	24.0	M450	M450	1540
191.01	304.969	0	10808.286	<BeadTracker.Bead object at 0x000002EBC7412A30>	3.0	112	1541	1541	2	False	24.0	M450	M450	1541
191.288	304.733	0	7557.183	<BeadTracker.Bead object at 0x000002EBC7416100>	1.0	113	1542	1542	1	True	9.0	M450	M450	1542
191.215	304.747	0	10317.122	<BeadTracker.Bead object at 0x000002EBC7416820>	2.0	113	1543	1543	2	False	9.0	M450	M450	1543
191.0	304.415	0	10803.581	<BeadTracker.Bead object at 0x000002EBC7416EE0>	3.0	113	1544	1544	2	False	9.0	M450	M450	1544
191.365	304.536	0	7531.44	<BeadTracker.Bead object at 0x000002EBC74415B0>	1.0	114	1545	1545	1	True	8.0	M450	M450	1545
191.141	304.545	0	10332.308	<BeadTracker.Bead object at 0x000002EBC7441CA0>	2.0	114	1546	1546	1	False	8.0	M450	M450	1546
191.011	304.204	0	10845.573	<BeadTracker.Bead object at 0x000002EBC8F1C5E0>	3.0	114	1547	1547	2	False	8.0	M450	M450	1547
190.875	304.506	10	10975.63	<BeadTracker.Bead object at 0x000002EBC8F1C520>	0.0	0	1548	1548	2	True	-21.0	M450	M450	1548
191.0	304.311	10	10528.226	<BeadTracker.Bead object at 0x000002EBC8F0B190>	0.0	0	1549	1549	2	True	-60.0	M450	M450	1549
191.09	304.184	10	10305.068	<BeadTracker.Bead object at 0x000002EBC8F0B820>	0.0	0	1550	1550	1	True	-99.0	M450	M450	1550
191.15	304.166	10	10208.123	<BeadTracker.Bead object at 0x000002EBC8F0BEE0>	0.0	0	1551	1551	1	True	-132.0	M450	M450	1551
191.121	304.3	10	10287.34	<BeadTracker.Bead object at 0x000002EBC8F075E0>	0.0	0	1552	1552	1	True	-171.0	M450	M450	1552
191.179	304.173	10	10198.128	<BeadTracker.Bead object at 0x000002EBC8F07CD0>	0.0	0	1553	1553	2	True	-210.0	M450	M450	1553
191.179	304.124	10	10207.145	<BeadTracker.Bead object at 0x000002EBC8F00A00>	0.0	0	1554	1554	1	True	-215.0	M450	M450	1554
191.2	304.124	10	10178.724	<BeadTracker.Bead object at 0x000002EBC8F001C0>	0.0	0	1555	1555	2	True	-217.0	M450	M450	1555
191.24	304.097	10	10245.691	<BeadTracker.Bead object at 0x000002EBC8EE1190>	0.0	0	1556	1556	2	True	-213.0	M450	M450	1556
191.236	304.193	10	10204.498	<BeadTracker.Bead object at 0x000002EBC8EE1820>	0.0	0	1557	1557	1	True	-215.0	M450	M450	1557
191.226	304.207	10	10241.42	<BeadTracker.Bead object at 0x000002EBC8EE1F10>	0.0	0	1558	1558	2	True	-213.0	M450	M450	1558
191.224	304.183	10	10248.971	<BeadTracker.Bead object at 0x000002EBC8EF9610>	0.0	0	1559	1559	2	True	-215.0	M450	M450	1559
191.204	304.225	10	10232.879	<BeadTracker.Bead object at 0x000002EBC8EF9CD0>	0.0	0	1560	1560	2	True	-214.0	M450	M450	1560
191.238	304.273	10	10242.396	<BeadTracker.Bead object at 0x000002EBC8EFC3D0>	0.0	0	1561	1561	2	True	-214.0	M450	M450	1561
191.221	304.161	10	10262.596	<BeadTracker.Bead object at 0x000002EBC8EFCA90>	0.0	0	1562	1562	2	True	-213.0	M450	M450	1562
191.185	304.26	10	10265.0	<BeadTracker.Bead object at 0x000002EBC0A58190>	0.0	0	1563	1563	2	True	-213.0	M450	M450	1563
191.191	304.395	10	10283.055	<BeadTracker.Bead object at 0x000002EBC0A58850>	0.0	0	1564	1564	2	True	-214.0	M450	M450	1564
191.231	304.493	10	10277.431	<BeadTracker.Bead object at 0x000002EBC0A58F10>	0.0	0	1565	1565	2	True	-214.0	M450	M450	1565
191.108	304.477	10	10337.174	<BeadTracker.Bead object at 0x000002EBC0A6F610>	0.0	0	1566	1566	2	True	-213.0	M450	M450	1566
191.034	304.454	10	10368.446	<BeadTracker.Bead object at 0x000002EBC0A6FCD0>	0.0	0	1567	1567	2	True	-212.0	M450	M450	1567
191.053	304.377	10	10370.713	<BeadTracker.Bead object at 0x000002EBC0A793D0>	0.0	0	1568	1568	2	True	-212.0	M450	M450	1568
191.028	304.498	10	10339.227	<BeadTracker.Bead object at 0x000002EBC0A79A90>	0.0	0	1569	1569	2	True	-213.0	M450	M450	1569
191.016	304.499	10	10367.603	<BeadTracker.Bead object at 0x000002EBC0A78190>	0.0	0	1570	1570	2	True	-212.0	M450	M450	1570
190.994	304.477	10	10378.536	<BeadTracker.Bead object at 0x000002EBC0A78850>	0.0	0	1571	1571	2	True	-213.0	M450	M450	1571
190.969	304.65	10	10394.137	<BeadTracker.Bead object at 0x000002EBC0A78F10>	0.0	0	1572	1572	2	True	-225.0	M450	M450	1572
190.862	304.688	10	10416.772	<BeadTracker.Bead object at 0x000002EBC0A4F610>	0.0	0	1573	1573	2	True	-205.0	M450	M450	1573
190.889	304.633	10	10445.685	<BeadTracker.Bead object at 0x000002EBC0A4FCD0>	0.0	0	1574	1574	2	True	-204.0	M450	M450	1574
190.829	304.82	10	10482.704	<BeadTracker.Bead object at 0x000002EBC0A523D0>	0.0	0	1575	1575	2	True	-206.0	M450	M450	1575
190.785	304.776	10	10500.092	<BeadTracker.Bead object at 0x000002EBC0A52A90>	0.0	0	1576	1576	2	True	-204.0	M450	M450	1576
190.755	304.824	10	10532.274	<BeadTracker.Bead object at 0x000002EBC0A4C190>	0.0	0	1577	1577	2	True	-203.0	M450	M450	1577
190.767	304.859	10	10544.756	<BeadTracker.Bead object at 0x000002EBC0A4C850>	0.0	0	1578	1578	2	True	-203.0	M450	M450	1578
190.711	304.913	10	10618.146	<BeadTracker.Bead object at 0x000002EBC0A4CF10>	0.0	0	1579	1579	2	True	-201.0	M450	M450	1579
190.672	305.029	10	10626.632	<BeadTracker.Bead object at 0x000002EBC0A7F610>	0.0	0	1580	1580	2	True	-199.0	M450	M450	1580
190.63	304.963	10	10649.427	<BeadTracker.Bead object at 0x000002EBC0A7FCD0>	0.0	0	1581	1581	2	True	-200.0	M450	M450	1581
190.58	305.021	10	10665.986	<BeadTracker.Bead object at 0x000002EBC321A3D0>	0.0	0	1582	1582	2	True	-195.0	M450	M450	1582
190.553	305.123	10	10644.995	<BeadTracker.Bead object at 0x000002EBC321AA90>	0.0	0	1583	1583	2	True	-192.0	M450	M450	1583
190.529	305.057	10	10670.637	<BeadTracker.Bead object at 0x000002EBC321C190>	0.0	0	1584	1584	2	True	-193.0	M450	M450	1584
190.478	305.079	10	10712.29	<BeadTracker.Bead object at 0x000002EBC321C850>	0.0	0	1585	1585	2	True	-182.0	M450	M450	1585
190.417	305.012	10	10697.279	<BeadTracker.Bead object at 0x000002EBC321CF10>	0.0	0	1586	1586	2	True	-180.0	M450	M450	1586
190.416	305.091	10	10725.88	<BeadTracker.Bead object at 0x000002EBC321FE80>	0.0	0	1587	1587	2	True	-181.0	M450	M450	1587
190.338	305.026	10	10762.314	<BeadTracker.Bead object at 0x000002EBC321FBB0>	0.0	0	1588	1588	2	True	-180.0	M450	M450	1588
190.344	305.021	10	10753.752	<BeadTracker.Bead object at 0x000002EBC3240640>	0.0	0	1589	1589	2	True	-180.0	M450	M450	1589
190.32	305.204	10	10777.394	<BeadTracker.Bead object at 0x000002EBC3240EE0>	0.0	0	1590	1590	2	True	-165.0	M450	M450	1590
190.289	305.15	10	10790.583	<BeadTracker.Bead object at 0x000002EBC3245190>	0.0	0	1591	1591	2	True	-183.0	M450	M450	1591
190.253	305.2	10	10822.931	<BeadTracker.Bead object at 0x000002EBC3245850>	0.0	0	1592	1592	2	True	-163.0	M450	M450	1592
190.226	305.22	10	10902.812	<BeadTracker.Bead object at 0x000002EBC3245F10>	0.0	0	1593	1593	2	True	-163.0	M450	M450	1593
190.16	305.218	10	10884.228	<BeadTracker.Bead object at 0x000002EBC3247610>	0.0	0	1594	1594	2	True	-161.0	M450	M450	1594
190.118	305.326	10	10911.602	<BeadTracker.Bead object at 0x000002EBC3247CD0>	0.0	0	1595	1595	2	True	-161.0	M450	M450	1595
190.082	305.311	10	10923.305	<BeadTracker.Bead object at 0x000002EBC322D3D0>	0.0	0	1596	1596	2	True	-161.0	M450	M450	1596
190.03	305.327	10	10957.345	<BeadTracker.Bead object at 0x000002EBC322DA90>	0.0	0	1597	1597	2	True	-161.0	M450	M450	1597
189.956	305.277	10	10990.836	<BeadTracker.Bead object at 0x000002EBC324D190>	0.0	0	1598	1598	2	True	-161.0	M450	M450	1598
189.922	305.219	10	11018.151	<BeadTracker.Bead object at 0x000002EBC324D850>	0.0	0	1599	1599	2	True	-160.0	M450	M450	1599
189.888	305.295	10	11035.198	<BeadTracker.Bead object at 0x000002EBC324DF10>	0.0	0	1600	1600	2	True	-160.0	M450	M450	1600
189.79	305.258	10	11080.743	<BeadTracker.Bead object at 0x000002EBC7ECA610>	0.0	0	1601	1601	2	True	-160.0	M450	M450	1601
189.758	305.247	10	11023.087	<BeadTracker.Bead object at 0x000002EBC7ECACD0>	0.0	0	1602	1602	2	True	-160.0	M450	M450	1602
189.675	305.27	10	11026.429	<BeadTracker.Bead object at 0x000002EBC7EC83D0>	0.0	0	1603	1603	2	True	-160.0	M450	M450	1603
189.631	305.348	10	11045.159	<BeadTracker.Bead object at 0x000002EBC7EC8A90>	0.0	0	1604	1604	2	True	-160.0	M450	M450	1604
189.583	305.308	10	11111.511	<BeadTracker.Bead object at 0x000002EBC7EA1F70>	0.0	0	1605	1605	2	True	-159.0	M450	M450	1605
189.48	305.172	10	11079.503	<BeadTracker.Bead object at 0x000002EBC7EA1460>	0.0	0	1606	1606	2	True	-152.0	M450	M450	1606
189.417	305.202	10	11149.741	<BeadTracker.Bead object at 0x000002EBC7EA1040>	0.0	0	1607	1607	2	True	-149.0	M450	M450	1607
189.372	305.121	10	11111.165	<BeadTracker.Bead object at 0x000002EBC7E9B610>	0.0	0	1608	1608	2	True	-150.0	M450	M450	1608
189.312	305.153	10	11142.264	<BeadTracker.Bead object at 0x000002EBC7E9BCD0>	0.0	0	1609	1609	2	True	-150.0	M450	M450	1609
189.305	305.1	10	11123.671	<BeadTracker.Bead object at 0x000002EBC7ECB3D0>	0.0	0	1610	1610	2	True	-151.0	M450	M450	1610
189.213	305.022	10	11175.778	<BeadTracker.Bead object at 0x000002EBC7ECBA90>	0.0	0	1611	1611	2	True	-150.0	M450	M450	1611
189.115	304.906	10	11150.879	<BeadTracker.Bead object at 0x000002EBC7EBF190>	0.0	0	1612	1612	2	True	-175.0	M450	M450	1612
189.054	304.871	10	11166.015	<BeadTracker.Bead object at 0x000002EBC7EBF850>	0.0	0	1613	1613	2	True	-175.0	M450	M450	1613
188.994	304.807	10	11211.183	<BeadTracker.Bead object at 0x000002EBC7EBFF10>	0.0	0	1614	1614	2	True	-176.0	M450	M450	1614
189.001	305.045	10	11197.131	<BeadTracker.Bead object at 0x000002EBC7ECC610>	0.0	0	1615	1615	2	True	-151.0	M450	M450	1615
189.004	305.081	10	11183.575	<BeadTracker.Bead object at 0x000002EBC7ECCCD0>	0.0	0	1616	1616	2	True	-149.0	M450	M450	1616
189.049	305.075	10	11203.126	<BeadTracker.Bead object at 0x000002EBC7EC63D0>	0.0	0	1617	1617	2	True	-151.0	M450	M450	1617
189.028	305.21	10	11185.295	<BeadTracker.Bead object at 0x000002EBC7EC6A90>	0.0	0	1618	1618	2	True	-149.0	M450	M450	1618
189.042	305.286	10	11188.186	<BeadTracker.Bead object at 0x000002EBC4B0B190>	0.0	0	1619	1619	2	True	-147.0	M450	M450	1619
189.055	305.325	10	11188.422	<BeadTracker.Bead object at 0x000002EBC4B0B850>	0.0	0	1620	1620	2	True	-147.0	M450	M450	1620
189.065	305.334	10	11150.799	<BeadTracker.Bead object at 0x000002EBC4B0BF10>	0.0	0	1621	1621	2	True	-147.0	M450	M450	1621
189.083	305.429	10	11160.965	<BeadTracker.Bead object at 0x000002EBC4AD9610>	0.0	0	1622	1622	2	True	-145.0	M450	M450	1622
189.093	305.492	10	11114.222	<BeadTracker.Bead object at 0x000002EBC4AD9CD0>	0.0	0	1623	1623	2	True	-159.0	M450	M450	1623
189.117	305.531	10	11097.239	<BeadTracker.Bead object at 0x000002EBC4B0A3D0>	0.0	0	1624	1624	2	True	-178.0	M450	M450	1624
189.158	305.573	10	11084.576	<BeadTracker.Bead object at 0x000002EBC4B0AA90>	0.0	0	1625	1625	2	True	-178.0	M450	M450	1625
189.172	305.631	10	11102.148	<BeadTracker.Bead object at 0x000002EBC4AF1190>	0.0	0	1626	1626	2	True	-178.0	M450	M450	1626
189.206	305.68	10	11108.653	<BeadTracker.Bead object at 0x000002EBC4AF1850>	0.0	0	1627	1627	2	True	-177.0	M450	M450	1627
189.223	305.744	10	11063.481	<BeadTracker.Bead object at 0x000002EBC4AF1F10>	0.0	0	1628	1628	2	True	-177.0	M450	M450	1628
189.271	305.649	10	11107.277	<BeadTracker.Bead object at 0x000002EBC4AE2610>	0.0	0	1629	1629	2	True	-177.0	M450	M450	1629
189.32	305.811	10	11075.387	<BeadTracker.Bead object at 0x000002EBC4AE2CD0>	0.0	0	1630	1630	2	True	-176.0	M450	M450	1630
189.354	305.781	10	11034.719	<BeadTracker.Bead object at 0x000002EBC4B0F3D0>	0.0	0	1631	1631	2	True	-177.0	M450	M450	1631
189.371	305.866	10	11044.989	<BeadTracker.Bead object at 0x000002EBC4B0FA90>	0.0	0	1632	1632	2	True	-176.0	M450	M450	1632
189.406	305.847	10	11050.794	<BeadTracker.Bead object at 0x000002EBC4AE5190>	0.0	0	1633	1633	2	True	-176.0	M450	M450	1633
189.394	305.867	10	11006.809	<BeadTracker.Bead object at 0x000002EBC4AE5850>	0.0	0	1634	1634	2	True	-176.0	M450	M450	1634
189.428	305.921	10	11051.141	<BeadTracker.Bead object at 0x000002EBC4AE5F10>	0.0	0	1635	1635	2	True	-175.0	M450	M450	1635
189.466	305.866	10	11020.512	<BeadTracker.Bead object at 0x000002EBC4B02610>	0.0	0	1636	1636	2	True	-176.0	M450	M450	1636
189.49	305.855	10	11019.665	<BeadTracker.Bead object at 0x000002EBC4B02CD0>	0.0	0	1637	1637	2	True	-177.0	M450	M450	1637
189.518	305.917	10	10986.817	<BeadTracker.Bead object at 0x000002EBC88A4DF0>	0.0	0	1638	1638	2	True	-175.0	M450	M450	1638
189.522	305.839	10	10989.354	<BeadTracker.Bead object at 0x000002EBC88A4D90>	0.0	0	1639	1639	2	True	-178.0	M450	M450	1639
189.604	305.815	10	11030.369	<BeadTracker.Bead object at 0x000002EBC8887190>	0.0	0	1640	1640	2	True	-177.0	M450	M450	1640
189.579	305.936	10	10961.609	<BeadTracker.Bead object at 0x000002EBC8887850>	0.0	0	1641	1641	2	True	-176.0	M450	M450	1641
189.63	305.899	10	10947.778	<BeadTracker.Bead object at 0x000002EBC8887F10>	0.0	0	1642	1642	2	True	-178.0	M450	M450	1642
189.621	305.942	10	10926.353	<BeadTracker.Bead object at 0x000002EBC88B4610>	0.0	0	1643	1643	2	True	-177.0	M450	M450	1643
189.639	305.773	10	10929.429	<BeadTracker.Bead object at 0x000002EBC88B4CD0>	0.0	0	1644	1644	2	True	-179.0	M450	M450	1644
189.695	305.799	10	10921.959	<BeadTracker.Bead object at 0x000002EBC88B83D0>	0.0	0	1645	1645	2	True	-178.0	M450	M450	1645
189.697	305.702	10	10918.851	<BeadTracker.Bead object at 0x000002EBC88B8A90>	0.0	0	1646	1646	2	True	-179.0	M450	M450	1646
189.75	305.811	10	10873.695	<BeadTracker.Bead object at 0x000002EBC8884190>	0.0	0	1647	1647	2	True	-179.0	M450	M450	1647
189.72	305.815	10	10904.206	<BeadTracker.Bead object at 0x000002EBC8884850>	0.0	0	1648	1648	2	True	-179.0	M450	M450	1648
189.72	305.786	10	10853.37	<BeadTracker.Bead object at 0x000002EBC8884F10>	0.0	0	1649	1649	2	True	-179.0	M450	M450	1649
189.733	305.73	10	10865.317	<BeadTracker.Bead object at 0x000002EBC88BC610>	0.0	0	1650	1650	2	True	-179.0	M450	M450	1650
189.769	305.709	10	10854.115	<BeadTracker.Bead object at 0x000002EBC88BCCD0>	0.0	0	1651	1651	2	True	-179.0	M450	M450	1651
189.8	305.642	10	10820.032	<BeadTracker.Bead object at 0x000002EBC88B23D0>	0.0	0	1652	1652	2	True	-180.0	M450	M450	1652
189.794	305.542	10	10806.369	<BeadTracker.Bead object at 0x000002EBC88B2A90>	0.0	0	1653	1653	2	True	-180.0	M450	M450	1653
189.852	305.443	10	10756.318	<BeadTracker.Bead object at 0x000002EBC888B190>	0.0	0	1654	1654	2	True	-190.0	M450	M450	1654
189.887	305.418	10	10777.128	<BeadTracker.Bead object at 0x000002EBC888B850>	0.0	0	1655	1655	2	True	-190.0	M450	M450	1655
189.941	305.338	10	10802.178	<BeadTracker.Bead object at 0x000002EBC888BF10>	0.0	0	1656	1656	2	True	-190.0	M450	M450	1656
189.983	305.42	10	10752.858	<BeadTracker.Bead object at 0x000002EBC889A610>	0.0	0	1657	1657	2	True	-190.0	M450	M450	1657
190.029	305.3	10	10754.222	<BeadTracker.Bead object at 0x000002EBC889ACD0>	0.0	0	1658	1658	2	True	-190.0	M450	M450	1658
190.015	305.354	10	10754.32	<BeadTracker.Bead object at 0x000002EBC4E83370>	0.0	0	1659	1659	2	True	-190.0	M450	M450	1659
190.073	305.154	10	10754.812	<BeadTracker.Bead object at 0x000002EBC4E83BB0>	0.0	0	1660	1660	2	True	-188.0	M450	M450	1660
190.179	305.173	10	10693.623	<BeadTracker.Bead object at 0x000002EBC4E64190>	0.0	0	1661	1661	2	True	-189.0	M450	M450	1661
190.21	305.252	10	10686.283	<BeadTracker.Bead object at 0x000002EBC4E64850>	0.0	0	1662	1662	2	True	-190.0	M450	M450	1662
190.204	305.184	10	10641.179	<BeadTracker.Bead object at 0x000002EBC4E64F10>	0.0	0	1663	1663	2	True	-189.0	M450	M450	1663
190.218	305.104	10	10630.385	<BeadTracker.Bead object at 0x000002EBC4E58610>	0.0	0	1664	1664	2	True	-189.0	M450	M450	1664
190.239	305.052	10	10612.258	<BeadTracker.Bead object at 0x000002EBC4E58CD0>	0.0	0	1665	1665	2	True	-184.0	M450	M450	1665
190.228	304.943	10	10624.135	<BeadTracker.Bead object at 0x000002EBC4E7FE20>	0.0	0	1666	1666	2	True	-200.0	M450	M450	1666
190.304	304.87	10	10593.7	<BeadTracker.Bead object at 0x000002EBC4E7F7C0>	0.0	0	1667	1667	2	True	-201.0	M450	M450	1667
190.286	304.902	10	10558.137	<BeadTracker.Bead object at 0x000002EBC4E5F490>	0.0	0	1668	1668	2	True	-201.0	M450	M450	1668
190.297	304.764	10	10549.925	<BeadTracker.Bead object at 0x000002EBC4E5FFA0>	0.0	0	1669	1669	2	True	-202.0	M450	M450	1669
190.357	304.771	10	10525.801	<BeadTracker.Bead object at 0x000002EBC4E5FAF0>	0.0	0	1670	1670	2	True	-202.0	M450	M450	1670
190.348	304.781	10	10505.43	<BeadTracker.Bead object at 0x000002EBC4E73610>	0.0	0	1671	1671	2	True	-202.0	M450	M450	1671
190.302	304.962	10	10513.571	<BeadTracker.Bead object at 0x000002EBC4E73CD0>	0.0	0	1672	1672	2	True	-201.0	M450	M450	1672
190.338	304.814	10	10467.23	<BeadTracker.Bead object at 0x000002EBC4E8A3D0>	0.0	0	1673	1673	2	True	-202.0	M450	M450	1673
190.361	304.848	10	10473.22	<BeadTracker.Bead object at 0x000002EBC4E8AA90>	0.0	0	1674	1674	2	True	-202.0	M450	M450	1674
190.38	304.942	10	10420.998	<BeadTracker.Bead object at 0x000002EBC4E76190>	0.0	0	1675	1675	2	True	-203.0	M450	M450	1675
190.409	304.782	10	10456.289	<BeadTracker.Bead object at 0x000002EBC4E76850>	0.0	0	1676	1676	2	True	-203.0	M450	M450	1676
190.408	304.774	10	10428.952	<BeadTracker.Bead object at 0x000002EBC4E76F10>	0.0	0	1677	1677	2	True	-203.0	M450	M450	1677
190.384	304.631	10	10476.815	<BeadTracker.Bead object at 0x000002EBC2A475E0>	0.0	0	1678	1678	1	True	-204.0	M450	M450	1678
190.392	304.904	10	10445.556	<BeadTracker.Bead object at 0x000002EBC2A47CD0>	0.0	0	1679	1679	2	True	-203.0	M450	M450	1679
190.401	304.852	10	10449.136	<BeadTracker.Bead object at 0x000002EBC2A343D0>	0.0	0	1680	1680	2	True	-202.0	M450	M450	1680
190.766	305.062	0	7466.533	<BeadTracker.Bead object at 0x000002EBC2A34A60>	1.0	115	1681	1681	1	True	-162.0	M450	M450	1681
190.748	305.132	0	10210.899	<BeadTracker.Bead object at 0x000002EBC2A1F1C0>	2.0	115	1682	1682	2	False	-162.0	M450	M450	1682
190.296	304.895	0	10577.049	<BeadTracker.Bead object at 0x000002EBC2A1F880>	3.0	115	1683	1683	2	False	-162.0	M450	M450	1683
190.716	305.413	0	7655.159	<BeadTracker.Bead object at 0x000002EBC2A1FF10>	1.0	116	1684	1684	1	True	-122.0	M450	M450	1684
190.563	304.788	0	10341.394	<BeadTracker.Bead object at 0x000002EBC2A11670>	2.0	116	1685	1685	2	False	-122.0	M450	M450	1685
190.334	304.437	0	10855.44	<BeadTracker.Bead object at 0x000002EBC2A11D30>	3.0	116	1686	1686	2	False	-122.0	M450	M450	1686
190.749	304.935	0	7085.795	<BeadTracker.Bead object at 0x000002EBC2A44400>	1.0	117	1687	1687	1	True	-82.0	M450	M450	1687
190.593	304.597	0	10008.802	<BeadTracker.Bead object at 0x000002EBC2A44AF0>	2.0	117	1688	1688	1	False	-82.0	M450	M450	1688
190.652	304.678	0	10992.675	<BeadTracker.Bead object at 0x000002EBC2A1A220>	3.0	117	1689	1689	2	False	-82.0	M450	M450	1689
190.482	305.096	0	7011.338	<BeadTracker.Bead object at 0x000002EBC2A1A8B0>	1.0	118	1690	1690	1	True	-42.0	M450	M450	1690
190.532	305.146	0	10027.117	<BeadTracker.Bead object at 0x000002EBC2A1AFD0>	2.0	118	1691	1691	2	False	-42.0	M450	M450	1691
190.423	304.969	0	11047.587	<BeadTracker.Bead object at 0x000002EBC0FDF6D0>	3.0	118	1692	1692	2	False	-42.0	M450	M450	1692
190.598	305.273	0	7192.414	<BeadTracker.Bead object at 0x000002EBC0FDFD60>	1.0	119	1693	1693	1	True	-2.0	M450	M450	1693
190.57	305.226	0	10357.298	<BeadTracker.Bead object at 0x000002EBC0FEE4C0>	2.0	119	1694	1694	2	False	-2.0	M450	M450	1694
190.282	304.686	0	10891.163	<BeadTracker.Bead object at 0x000002EBC0FEEB80>	3.0	119	1695	1695	2	False	-2.0	M450	M450	1695
190.488	304.732	0	6912.089	<BeadTracker.Bead object at 0x000002EBC0FE0250>	1.0	120	1696	1696	1	True	38.0	M450	M450	1696
190.655	304.718	0	9793.747	<BeadTracker.Bead object at 0x000002EBC0FE0940>	2.0	120	1697	1697	1	False	38.0	M450	M450	1697
190.274	304.314	0	11041.647	<BeadTracker.Bead object at 0x000002EBC100D070>	3.0	120	1698	1698	2	False	38.0	M450	M450	1698
189.412	305.003	0	2376.082	<BeadTracker.Bead object at 0x000002EBC100D670>	1.0	121	1700	1700	2	False	77.0	M450	M450	1700
189.781	304.625	0	4007.359	<BeadTracker.Bead object at 0x000002EBC100DD60>	2.0	121	1701	1701	1	False	77.0	M450	M450	1701
189.606	305.04	0	6531.924	<BeadTracker.Bead object at 0x000002EBC0FF3490>	3.0	121	1702	1702	1	True	77.0	M450	M450	1702
189.383	305.307	0	2454.735	<BeadTracker.Bead object at 0x000002EBC0FF3B80>	1.0	122	1703	1703	1	False	117.0	M450	M450	1703
189.324	305.396	0	4091.546	<BeadTracker.Bead object at 0x000002EBC2F542B0>	2.0	122	1704	1704	1	False	117.0	M450	M450	1704
189.261	305.038	0	6570.024	<BeadTracker.Bead object at 0x000002EBC2F549A0>	3.0	122	1705	1705	1	True	117.0	M450	M450	1705
189.91	305.284	0	2386.559	<BeadTracker.Bead object at 0x000002EBC2F54FD0>	1.0	123	1706	1706	1	False	157.0	M450	M450	1706
189.713	303.622	0	3912.218	<BeadTracker.Bead object at 0x000002EBC2F877C0>	2.0	123	1707	1707	1	False	157.0	M450	M450	1707
188.959	304.789	0	6898.446	<BeadTracker.Bead object at 0x000002EBC2F87EB0>	3.0	123	1708	1708	1	True	157.0	M450	M450	1708
189.45	305.041	0	2432.895	<BeadTracker.Bead object at 0x000002EBC2F80910>	1.0	124	1709	1709	1	False	167.0	M450	M450	1709
189.413	304.952	0	4118.987	<BeadTracker.Bead object at 0x000002EBC2F80DC0>	2.0	124	1710	1710	1	False	167.0	M450	M450	1710
189.258	304.821	0	6593.927	<BeadTracker.Bead object at 0x000002EBC2F5D400>	3.0	124	1711	1711	1	True	167.0	M450	M450	1711
189.654	305.242	0	2401.807	<BeadTracker.Bead object at 0x000002EBC2F5DAF0>	1.0	125	1712	1712	1	False	207.0	M450	M450	1712
189.324	305.0	0	4042.877	<BeadTracker.Bead object at 0x000002EBC2F6B220>	2.0	125	1713	1713	1	False	207.0	M450	M450	1713
189.424	304.943	0	6524.914	<BeadTracker.Bead object at 0x000002EBC2F6B910>	3.0	125	1714	1714	1	True	207.0	M450	M450	1714
189.435	305.152	0	2434.372	<BeadTracker.Bead object at 0x000002EBC2F6BF40>	1.0	126	1715	1715	1	False	247.0	M450	M450	1715
189.461	304.977	0	4072.493	<BeadTracker.Bead object at 0x000002EBC2F89730>	2.0	126	1716	1716	1	False	247.0	M450	M450	1716
189.375	304.937	0	6601.172	<BeadTracker.Bead object at 0x000002EBC2F89E20>	3.0	126	1717	1717	1	True	247.0	M450	M450	1717
189.245	304.996	11	5045.93	<BeadTracker.Bead object at 0x000002EBC0F0E550>	0.0	0	1718	1718	1	True	287.0	M450	M450	1718
189.359	304.826	11	4296.691	<BeadTracker.Bead object at 0x000002EBC0F0EC40>	0.0	0	1719	1719	1	True	327.0	M450	M450	1719
189.482	304.892	11	4092.869	<BeadTracker.Bead object at 0x000002EBC0F01310>	0.0	0	1720	1720	1	True	340.0	M450	M450	1720
189.466	304.592	11	4008.481	<BeadTracker.Bead object at 0x000002EBC0F01760>	0.0	0	1721	1721	1	True	341.0	M450	M450	1721
189.544	304.656	11	3964.421	<BeadTracker.Bead object at 0x000002EBC0F02190>	0.0	0	1722	1722	1	True	342.0	M450	M450	1722
189.512	304.692	11	4034.874	<BeadTracker.Bead object at 0x000002EBC0F02880>	0.0	0	1723	1723	1	True	342.0	M450	M450	1723
189.473	304.573	11	4032.333	<BeadTracker.Bead object at 0x000002EBC0F02F70>	0.0	0	1724	1724	1	True	341.0	M450	M450	1724
189.537	304.739	11	3952.94	<BeadTracker.Bead object at 0x000002EBC0EE66A0>	0.0	0	1725	1725	1	True	343.0	M450	M450	1725
189.453	304.771	11	4235.448	<BeadTracker.Bead object at 0x000002EBC0EE6D90>	0.0	0	1726	1726	1	True	336.0	M450	M450	1726
189.483	304.191	11	3911.261	<BeadTracker.Bead object at 0x000002EBC0EE74C0>	0.0	0	1727	1727	1	True	342.0	M450	M450	1727
189.512	304.77	11	4060.987	<BeadTracker.Bead object at 0x000002EBC0EE7BB0>	0.0	0	1728	1728	1	True	340.0	M450	M450	1728
189.531	304.702	11	4038.522	<BeadTracker.Bead object at 0x000002EBC86AE2E0>	0.0	0	1729	1729	1	True	341.0	M450	M450	1729
189.587	304.533	11	3972.831	<BeadTracker.Bead object at 0x000002EBC86AE9D0>	0.0	0	1730	1730	1	True	343.0	M450	M450	1730
189.538	304.67	11	4038.621	<BeadTracker.Bead object at 0x000002EBC867B100>	0.0	0	1731	1731	1	True	341.0	M450	M450	1731
189.501	304.844	11	4066.141	<BeadTracker.Bead object at 0x000002EBC867B7F0>	0.0	0	1732	1732	1	True	340.0	M450	M450	1732
189.554	304.528	11	4009.308	<BeadTracker.Bead object at 0x000002EBC867BEE0>	0.0	0	1733	1733	1	True	341.0	M450	M450	1733
189.498	304.697	11	4081.916	<BeadTracker.Bead object at 0x000002EBC8683610>	0.0	0	1734	1734	1	True	339.0	M450	M450	1734
189.448	304.611	11	4064.938	<BeadTracker.Bead object at 0x000002EBC8683D00>	0.0	0	1735	1735	1	True	339.0	M450	M450	1735
189.407	304.942	11	4129.381	<BeadTracker.Bead object at 0x000002EBC86A6430>	0.0	0	1736	1736	1	True	338.0	M450	M450	1736
189.414	304.937	11	4127.106	<BeadTracker.Bead object at 0x000002EBC86A6B20>	0.0	0	1737	1737	1	True	338.0	M450	M450	1737
189.39	305.027	11	4126.616	<BeadTracker.Bead object at 0x000002EBC86AC250>	0.0	0	1738	1738	1	True	338.0	M450	M450	1738
189.419	305.19	11	4156.657	<BeadTracker.Bead object at 0x000002EBC86AC940>	0.0	0	1739	1739	1	True	337.0	M450	M450	1739
189.306	305.094	11	4205.913	<BeadTracker.Bead object at 0x000002EBC86ACF70>	0.0	0	1740	1740	1	True	336.0	M450	M450	1740
189.34	305.05	11	4138.641	<BeadTracker.Bead object at 0x000002EBC8681760>	0.0	0	1741	1741	1	True	338.0	M450	M450	1741
189.212	305.306	11	4186.742	<BeadTracker.Bead object at 0x000002EBC8681E50>	0.0	0	1742	1742	1	True	337.0	M450	M450	1742
189.225	305.353	11	4200.35	<BeadTracker.Bead object at 0x000002EBC27C75E0>	0.0	0	1743	1743	1	True	337.0	M450	M450	1743
189.125	305.334	11	4217.755	<BeadTracker.Bead object at 0x000002EBC27C7760>	0.0	0	1744	1744	1	True	337.0	M450	M450	1744
189.121	305.329	11	4219.795	<BeadTracker.Bead object at 0x000002EBC27A23D0>	0.0	0	1745	1745	1	True	337.0	M450	M450	1745
189.07	305.445	11	4267.193	<BeadTracker.Bead object at 0x000002EBC27A28B0>	0.0	0	1746	1746	1	True	334.0	M450	M450	1746
189.112	305.456	11	4266.15	<BeadTracker.Bead object at 0x000002EBC2791940>	0.0	0	1747	1747	1	True	335.0	M450	M450	1747
189.012	305.45	11	4245.133	<BeadTracker.Bead object at 0x000002EBC2791790>	0.0	0	1748	1748	1	True	336.0	M450	M450	1748
188.974	305.582	11	4307.534	<BeadTracker.Bead object at 0x000002EBC2791CA0>	0.0	0	1749	1749	1	True	333.0	M450	M450	1749
188.902	305.522	11	4320.077	<BeadTracker.Bead object at 0x000002EBC27CD6D0>	0.0	0	1750	1750	1	True	332.0	M450	M450	1750
188.973	305.498	11	4302.259	<BeadTracker.Bead object at 0x000002EBC27CDDC0>	0.0	0	1751	1751	1	True	335.0	M450	M450	1751
188.905	305.692	11	4327.45	<BeadTracker.Bead object at 0x000002EBC27CB4F0>	0.0	0	1752	1752	1	True	332.0	M450	M450	1752
188.864	305.671	11	4351.735	<BeadTracker.Bead object at 0x000002EBC27CBBE0>	0.0	0	1753	1753	1	True	331.0	M450	M450	1753
188.819	305.882	11	4382.094	<BeadTracker.Bead object at 0x000002EBC27CE310>	0.0	0	1754	1754	1	True	328.0	M450	M450	1754
188.771	305.697	11	4398.61	<BeadTracker.Bead object at 0x000002EBC27CEA00>	0.0	0	1755	1755	1	True	328.0	M450	M450	1755
188.747	305.8	11	4433.065	<BeadTracker.Bead object at 0x000002EBC0770130>	0.0	0	1756	1756	1	True	327.0	M450	M450	1756
188.773	305.937	11	4423.362	<BeadTracker.Bead object at 0x000002EBC0770820>	0.0	0	1757	1757	1	True	328.0	M450	M450	1757
188.689	305.992	11	4468.983	<BeadTracker.Bead object at 0x000002EBC0770F10>	0.0	0	1758	1758	1	True	325.0	M450	M450	1758
188.675	306.061	11	4511.698	<BeadTracker.Bead object at 0x000002EBC079E640>	0.0	0	1759	1759	1	True	324.0	M450	M450	1759
188.638	305.935	11	4522.246	<BeadTracker.Bead object at 0x000002EBC079ED30>	0.0	0	1760	1760	1	True	325.0	M450	M450	1760
188.591	306.064	11	4539.278	<BeadTracker.Bead object at 0x000002EBC07A2910>	0.0	0	1761	1761	1	True	324.0	M450	M450	1761
188.567	306.091	11	4579.009	<BeadTracker.Bead object at 0x000002EBC07A2D60>	0.0	0	1762	1762	1	True	323.0	M450	M450	1762
188.515	305.93	11	4608.604	<BeadTracker.Bead object at 0x000002EBC07AA280>	0.0	0	1763	1763	1	True	324.0	M450	M450	1763
188.493	306.134	11	4616.045	<BeadTracker.Bead object at 0x000002EBC07AA970>	0.0	0	1764	1764	1	True	321.0	M450	M450	1764
188.38	306.042	11	4667.514	<BeadTracker.Bead object at 0x000002EBC07AAFA0>	0.0	0	1765	1765	1	True	321.0	M450	M450	1765
188.346	306.124	11	4698.268	<BeadTracker.Bead object at 0x000002EBC0775790>	0.0	0	1766	1766	1	True	320.0	M450	M450	1766
188.306	306.059	11	4682.546	<BeadTracker.Bead object at 0x000002EBC0775E80>	0.0	0	1767	1767	1	True	321.0	M450	M450	1767
188.314	306.174	11	4715.523	<BeadTracker.Bead object at 0x000002EBC07835B0>	0.0	0	1768	1768	1	True	320.0	M450	M450	1768
188.264	306.262	11	4723.829	<BeadTracker.Bead object at 0x000002EBC0783CA0>	0.0	0	1769	1769	1	True	320.0	M450	M450	1769
188.222	306.192	11	4755.241	<BeadTracker.Bead object at 0x000002EBC4E003D0>	0.0	0	1770	1770	1	True	320.0	M450	M450	1770
188.161	306.21	11	4779.815	<BeadTracker.Bead object at 0x000002EBC4E00AC0>	0.0	0	1771	1771	1	True	318.0	M450	M450	1771
188.047	306.212	11	4822.139	<BeadTracker.Bead object at 0x000002EBC4DEC1F0>	0.0	0	1772	1772	1	True	318.0	M450	M450	1772
187.978	306.222	11	4849.639	<BeadTracker.Bead object at 0x000002EBC4DEC8E0>	0.0	0	1773	1773	1	True	318.0	M450	M450	1773
187.915	306.205	11	4862.306	<BeadTracker.Bead object at 0x000002EBC4DECFD0>	0.0	0	1774	1774	1	True	317.0	M450	M450	1774
187.904	306.065	11	4874.812	<BeadTracker.Bead object at 0x000002EBC4DD3700>	0.0	0	1775	1775	1	True	318.0	M450	M450	1775
187.871	306.05	11	4875.417	<BeadTracker.Bead object at 0x000002EBC4DD3DF0>	0.0	0	1776	1776	1	True	318.0	M450	M450	1776
187.779	306.109	11	4962.295	<BeadTracker.Bead object at 0x000002EBC4DFB520>	0.0	0	1777	1777	1	True	317.0	M450	M450	1777
187.703	306.048	11	4998.666	<BeadTracker.Bead object at 0x000002EBC4DFBC10>	0.0	0	1778	1778	1	True	317.0	M450	M450	1778
187.593	305.968	11	5001.555	<BeadTracker.Bead object at 0x000002EBC4DD5340>	0.0	0	1779	1779	1	True	317.0	M450	M450	1779
187.53	305.937	11	5060.822	<BeadTracker.Bead object at 0x000002EBC4DD5A30>	0.0	0	1780	1780	1	True	316.0	M450	M450	1780
187.425	305.822	11	5080.187	<BeadTracker.Bead object at 0x000002EBC4DE6160>	0.0	0	1781	1781	1	True	315.0	M450	M450	1781
187.365	305.7	11	5103.472	<BeadTracker.Bead object at 0x000002EBC4DE6850>	0.0	0	1782	1782	1	True	314.0	M450	M450	1782
187.253	305.677	11	5165.583	<BeadTracker.Bead object at 0x000002EBC4DE6F40>	0.0	0	1783	1783	1	True	313.0	M450	M450	1783
187.223	305.628	11	5198.911	<BeadTracker.Bead object at 0x000002EBC08DFD60>	0.0	0	1784	1784	1	True	312.0	M450	M450	1784
187.241	305.698	11	5143.774	<BeadTracker.Bead object at 0x000002EBC08DF550>	0.0	0	1785	1785	1	True	313.0	M450	M450	1785
187.175	305.899	11	5168.539	<BeadTracker.Bead object at 0x000002EBC08EE490>	0.0	0	1786	1786	1	True	313.0	M450	M450	1786
187.248	305.959	11	5135.337	<BeadTracker.Bead object at 0x000002EBC08EEB80>	0.0	0	1787	1787	1	True	313.0	M450	M450	1787
187.242	306.16	11	5141.829	<BeadTracker.Bead object at 0x000002EBC08F92B0>	0.0	0	1788	1788	1	True	313.0	M450	M450	1788
187.252	306.24	11	5082.294	<BeadTracker.Bead object at 0x000002EBC08F99A0>	0.0	0	1789	1789	1	True	314.0	M450	M450	1789
187.254	306.237	11	5068.455	<BeadTracker.Bead object at 0x000002EBC08F9FD0>	0.0	0	1790	1790	1	True	314.0	M450	M450	1790
187.31	306.28	11	5063.451	<BeadTracker.Bead object at 0x000002EBC08EA7C0>	0.0	0	1791	1791	1	True	314.0	M450	M450	1791
187.329	306.434	11	5052.48	<BeadTracker.Bead object at 0x000002EBC08EAEB0>	0.0	0	1792	1792	1	True	315.0	M450	M450	1792
187.34	306.472	11	5037.247	<BeadTracker.Bead object at 0x000002EBC08EB5E0>	0.0	0	1793	1793	1	True	315.0	M450	M450	1793
187.368	306.532	11	5021.969	<BeadTracker.Bead object at 0x000002EBC08EBCD0>	0.0	0	1794	1794	1	True	315.0	M450	M450	1794
187.384	306.552	11	5004.043	<BeadTracker.Bead object at 0x000002EBC08E3400>	0.0	0	1795	1795	1	True	316.0	M450	M450	1795
187.419	306.655	11	4974.077	<BeadTracker.Bead object at 0x000002EBC08E3AF0>	0.0	0	1796	1796	1	True	317.0	M450	M450	1796
187.459	306.616	11	4951.348	<BeadTracker.Bead object at 0x000002EBC82F2220>	0.0	0	1797	1797	1	True	317.0	M450	M450	1797
187.457	306.65	11	4995.866	<BeadTracker.Bead object at 0x000002EBC82F2910>	0.0	0	1798	1798	1	True	317.0	M450	M450	1798
187.495	306.737	11	4924.091	<BeadTracker.Bead object at 0x000002EBC82F2F40>	0.0	0	1799	1799	1	True	317.0	M450	M450	1799
187.563	306.674	11	4887.676	<BeadTracker.Bead object at 0x000002EBC82D9730>	0.0	0	1800	1800	1	True	319.0	M450	M450	1800
187.586	306.652	11	4890.588	<BeadTracker.Bead object at 0x000002EBC82D9E20>	0.0	0	1801	1801	1	True	318.0	M450	M450	1801
187.637	306.654	11	4882.25	<BeadTracker.Bead object at 0x000002EBC82D1550>	0.0	0	1802	1802	1	True	319.0	M450	M450	1802
187.624	306.823	11	4828.818	<BeadTracker.Bead object at 0x000002EBC82D1C40>	0.0	0	1803	1803	1	True	319.0	M450	M450	1803
187.672	306.76	11	4827.954	<BeadTracker.Bead object at 0x000002EBC82FB370>	0.0	0	1804	1804	1	True	319.0	M450	M450	1804
187.686	306.718	11	4799.216	<BeadTracker.Bead object at 0x000002EBC82FBA60>	0.0	0	1805	1805	1	True	320.0	M450	M450	1805
187.708	306.803	11	4796.7	<BeadTracker.Bead object at 0x000002EBC8308190>	0.0	0	1806	1806	1	True	320.0	M450	M450	1806
187.758	306.782	11	4805.516	<BeadTracker.Bead object at 0x000002EBC8308880>	0.0	0	1807	1807	1	True	319.0	M450	M450	1807
187.833	306.884	11	4754.719	<BeadTracker.Bead object at 0x000002EBC8308F70>	0.0	0	1808	1808	1	True	320.0	M450	M450	1808
187.866	306.917	11	4698.227	<BeadTracker.Bead object at 0x000002EBC82D56A0>	0.0	0	1809	1809	1	True	320.0	M450	M450	1809
187.853	306.937	11	4740.991	<BeadTracker.Bead object at 0x000002EBC82D5D90>	0.0	0	1810	1810	1	True	320.0	M450	M450	1810
187.884	306.802	11	4689.188	<BeadTracker.Bead object at 0x000002EBC7B744C0>	0.0	0	1811	1811	1	True	322.0	M450	M450	1811
187.902	306.938	11	4666.516	<BeadTracker.Bead object at 0x000002EBC7B74BB0>	0.0	0	1812	1812	1	True	321.0	M450	M450	1812
187.912	306.887	11	4659.123	<BeadTracker.Bead object at 0x000002EBC7B852E0>	0.0	0	1813	1813	1	True	322.0	M450	M450	1813
187.882	306.895	11	4649.379	<BeadTracker.Bead object at 0x000002EBC7B859D0>	0.0	0	1814	1814	1	True	321.0	M450	M450	1814
187.993	306.86	11	4621.466	<BeadTracker.Bead object at 0x000002EBC7B80100>	0.0	0	1815	1815	1	True	323.0	M450	M450	1815
187.95	306.837	11	4623.324	<BeadTracker.Bead object at 0x000002EBC7B807F0>	0.0	0	1816	1816	1	True	322.0	M450	M450	1816
187.966	306.842	11	4581.836	<BeadTracker.Bead object at 0x000002EBC7B80EE0>	0.0	0	1817	1817	1	True	323.0	M450	M450	1817
187.962	306.806	11	4543.952	<BeadTracker.Bead object at 0x000002EBC7B59610>	0.0	0	1818	1818	1	True	324.0	M450	M450	1818
188.043	306.779	11	4517.044	<BeadTracker.Bead object at 0x000002EBC7B59D00>	0.0	0	1819	1819	1	True	325.0	M450	M450	1819
187.991	306.851	11	4544.806	<BeadTracker.Bead object at 0x000002EBC7B57430>	0.0	0	1820	1820	1	True	324.0	M450	M450	1820
188.013	306.694	11	4514.138	<BeadTracker.Bead object at 0x000002EBC7B57B20>	0.0	0	1821	1821	1	True	325.0	M450	M450	1821
188.061	306.683	11	4517.608	<BeadTracker.Bead object at 0x000002EBC7B69250>	0.0	0	1822	1822	1	True	326.0	M450	M450	1822
188.083	306.585	11	4442.74	<BeadTracker.Bead object at 0x000002EBC7B69940>	0.0	0	1823	1823	1	True	329.0	M450	M450	1823
188.073	306.722	11	4439.122	<BeadTracker.Bead object at 0x000002EBC7B69F70>	0.0	0	1824	1824	1	True	328.0	M450	M450	1824
188.128	306.696	11	4461.013	<BeadTracker.Bead object at 0x000002EBC7B8F760>	0.0	0	1825	1825	1	True	328.0	M450	M450	1825
188.155	306.649	11	4412.24	<BeadTracker.Bead object at 0x000002EBC7B8FE50>	0.0	0	1826	1826	1	True	329.0	M450	M450	1826
188.135	306.455	11	4418.718	<BeadTracker.Bead object at 0x000002EBCAC0F580>	0.0	0	1827	1827	1	True	325.0	M450	M450	1827
188.156	306.569	11	4424.664	<BeadTracker.Bead object at 0x000002EBCAC0FC70>	0.0	0	1828	1828	1	True	329.0	M450	M450	1828
188.18	306.372	11	4402.781	<BeadTracker.Bead object at 0x000002EBCAC180A0>	0.0	0	1829	1829	1	True	325.0	M450	M450	1829
188.232	306.362	11	4365.127	<BeadTracker.Bead object at 0x000002EBCAC18520>	0.0	0	1830	1830	1	True	326.0	M450	M450	1830
188.274	306.372	11	4368.335	<BeadTracker.Bead object at 0x000002EBCABF21C0>	0.0	0	1831	1831	1	True	325.0	M450	M450	1831
188.279	306.381	11	4357.555	<BeadTracker.Bead object at 0x000002EBCABF28B0>	0.0	0	1832	1832	1	True	326.0	M450	M450	1832
188.311	306.281	11	4300.7	<BeadTracker.Bead object at 0x000002EBCABF2FA0>	0.0	0	1833	1833	1	True	331.0	M450	M450	1833
188.382	306.264	11	4317.998	<BeadTracker.Bead object at 0x000002EBCAC276D0>	0.0	0	1834	1834	1	True	328.0	M450	M450	1834
188.385	306.178	11	4292.22	<BeadTracker.Bead object at 0x000002EBCAC27DC0>	0.0	0	1835	1835	1	True	330.0	M450	M450	1835
188.395	306.038	11	4293.746	<BeadTracker.Bead object at 0x000002EBCAC0B4F0>	0.0	0	1836	1836	1	True	331.0	M450	M450	1836
188.421	305.909	11	4274.734	<BeadTracker.Bead object at 0x000002EBCAC0BBE0>	0.0	0	1837	1837	1	True	333.0	M450	M450	1837
188.456	306.015	11	4262.368	<BeadTracker.Bead object at 0x000002EBCAC07310>	0.0	0	1838	1838	1	True	332.0	M450	M450	1838
188.518	305.847	11	4230.488	<BeadTracker.Bead object at 0x000002EBCAC07A00>	0.0	0	1839	1839	1	True	334.0	M450	M450	1839
188.508	305.893	11	4260.41	<BeadTracker.Bead object at 0x000002EBC4805130>	0.0	0	1840	1840	1	True	334.0	M450	M450	1840
188.543	305.961	11	4238.898	<BeadTracker.Bead object at 0x000002EBC4805820>	0.0	0	1841	1841	1	True	335.0	M450	M450	1841
188.597	305.844	11	4211.861	<BeadTracker.Bead object at 0x000002EBC4805F10>	0.0	0	1842	1842	1	True	336.0	M450	M450	1842
188.607	305.717	11	4142.557	<BeadTracker.Bead object at 0x000002EBC47E3640>	0.0	0	1843	1843	1	True	337.0	M450	M450	1843
188.615	305.727	11	4178.277	<BeadTracker.Bead object at 0x000002EBC47E3D30>	0.0	0	1844	1844	1	True	337.0	M450	M450	1844
188.659	305.75	11	4153.375	<BeadTracker.Bead object at 0x000002EBC47F33D0>	0.0	0	1845	1845	1	True	338.0	M450	M450	1845
188.63	305.586	11	4139.463	<BeadTracker.Bead object at 0x000002EBC47F3EB0>	0.0	0	1846	1846	1	True	338.0	M450	M450	1846
188.653	305.669	11	4131.028	<BeadTracker.Bead object at 0x000002EBC47E9280>	0.0	0	1847	1847	1	True	338.0	M450	M450	1847
188.713	305.663	11	4135.27	<BeadTracker.Bead object at 0x000002EBC47E9970>	0.0	0	1848	1848	1	True	338.0	M450	M450	1848
188.745	305.607	11	4149.235	<BeadTracker.Bead object at 0x000002EBC47E9FA0>	0.0	0	1849	1849	1	True	337.0	M450	M450	1849
188.733	305.666	11	4155.453	<BeadTracker.Bead object at 0x000002EBC4810760>	0.0	0	1850	1850	1	True	338.0	M450	M450	1850
188.487	306.014	0	2517.432	<BeadTracker.Bead object at 0x000002EBC4810430>	1.0	127	1851	1851	1	False	330.0	M450	M450	1851
188.569	305.796	0	4274.725	<BeadTracker.Bead object at 0x000002EBC47E75B0>	2.0	127	1852	1852	1	False	330.0	M450	M450	1852
188.459	305.866	0	6845.212	<BeadTracker.Bead object at 0x000002EBC47E7CA0>	3.0	127	1853	1853	1	True	330.0	M450	M450	1853
188.265	305.978	0	2564.471	<BeadTracker.Bead object at 0x000002EBC319F3D0>	1.0	128	1854	1854	1	False	330.0	M450	M450	1854
188.476	305.99	0	4269.275	<BeadTracker.Bead object at 0x000002EBC319FAC0>	2.0	128	1855	1855	1	False	330.0	M450	M450	1855
188.262	305.839	0	6909.347	<BeadTracker.Bead object at 0x000002EBC31B01F0>	3.0	128	1856	1856	1	True	330.0	M450	M450	1856
188.27	305.941	0	2553.958	<BeadTracker.Bead object at 0x000002EBC31B08E0>	1.0	129	1857	1857	1	False	330.0	M450	M450	1857
188.441	305.826	0	4267.099	<BeadTracker.Bead object at 0x000002EBC31B0FD0>	2.0	129	1858	1858	1	False	330.0	M450	M450	1858
188.157	305.658	0	6922.394	<BeadTracker.Bead object at 0x000002EBC31CD700>	3.0	129	1859	1859	1	True	330.0	M450	M450	1859
188.315	305.81	0	2568.813	<BeadTracker.Bead object at 0x000002EBC31CDDF0>	1.0	130	1860	1860	1	False	330.0	M450	M450	1860
188.369	305.812	0	4347.865	<BeadTracker.Bead object at 0x000002EBC31C34F0>	2.0	130	1861	1861	1	False	330.0	M450	M450	1861
188.175	305.685	0	6987.674	<BeadTracker.Bead object at 0x000002EBC31C3370>	3.0	130	1862	1862	1	True	330.0	M450	M450	1862
188.286	305.959	0	2627.065	<BeadTracker.Bead object at 0x000002EBC31BD340>	1.0	131	1863	1863	1	False	329.0	M450	M450	1863
188.277	305.606	0	4380.524	<BeadTracker.Bead object at 0x000002EBC31BDA30>	2.0	131	1864	1864	1	False	329.0	M450	M450	1864
188.226	305.549	0	7030.559	<BeadTracker.Bead object at 0x000002EBC31CA160>	3.0	131	1865	1865	1	True	329.0	M450	M450	1865
188.226	305.816	0	2586.297	<BeadTracker.Bead object at 0x000002EBC31CA850>	1.0	132	1866	1866	1	False	318.0	M450	M450	1866
188.306	305.78	0	4377.761	<BeadTracker.Bead object at 0x000002EBC31CAF40>	2.0	132	1867	1867	1	False	318.0	M450	M450	1867
188.19	305.606	0	7099.893	<BeadTracker.Bead object at 0x000002EBC31AC670>	3.0	132	1868	1868	1	True	318.0	M450	M450	1868
188.228	306.365	0	2614.442	<BeadTracker.Bead object at 0x000002EBC31ACCA0>	1.0	133	1870	1870	1	False	282.0	M450	M450	1870
188.42	306.214	0	4405.652	<BeadTracker.Bead object at 0x000002EBC06953D0>	2.0	133	1871	1871	1	False	282.0	M450	M450	1871
188.186	306.387	0	7055.835	<BeadTracker.Bead object at 0x000002EBC0695AC0>	3.0	133	1872	1872	1	True	282.0	M450	M450	1872
188.152	306.436	0	2563.089	<BeadTracker.Bead object at 0x000002EBC06ABA60>	1.0	134	1873	1873	1	False	259.0	M450	M450	1873
188.314	306.405	0	4292.22	<BeadTracker.Bead object at 0x000002EBC06ABAC0>	2.0	134	1874	1874	1	False	259.0	M450	M450	1874
188.005	306.156	0	6913.854	<BeadTracker.Bead object at 0x000002EBC06AB0D0>	3.0	134	1875	1875	1	True	259.0	M450	M450	1875
188.266	306.57	0	2615.829	<BeadTracker.Bead object at 0x000002EBC06916D0>	1.0	135	1876	1876	1	False	221.0	M450	M450	1876
188.098	306.717	0	4371.745	<BeadTracker.Bead object at 0x000002EBC0691DC0>	2.0	135	1877	1877	1	False	221.0	M450	M450	1877
187.975	306.712	0	7177.846	<BeadTracker.Bead object at 0x000002EBC06884F0>	3.0	135	1878	1878	1	True	221.0	M450	M450	1878
188.299	307.022	0	2623.842	<BeadTracker.Bead object at 0x000002EBC0688BE0>	1.0	136	1879	1879	1	False	212.0	M450	M450	1879
188.173	306.792	0	4384.379	<BeadTracker.Bead object at 0x000002EBC0677310>	2.0	136	1880	1880	1	False	212.0	M450	M450	1880
188.158	306.508	0	6880.102	<BeadTracker.Bead object at 0x000002EBC0677A00>	3.0	136	1881	1881	1	True	212.0	M450	M450	1881
188.23	307.163	0	2589.888	<BeadTracker.Bead object at 0x000002EBC0692130>	1.0	137	1882	1882	1	False	174.0	M450	M450	1882
188.24	306.989	0	4445.962	<BeadTracker.Bead object at 0x000002EBC0692820>	2.0	137	1883	1883	1	False	174.0	M450	M450	1883
188.12	306.943	0	7063.067	<BeadTracker.Bead object at 0x000002EBC0692F10>	3.0	137	1884	1884	1	True	174.0	M450	M450	1884
188.069	306.989	0	2650.076	<BeadTracker.Bead object at 0x000002EBC06A9640>	1.0	138	1885	1885	1	False	168.0	M450	M450	1885
188.236	306.944	0	4521.916	<BeadTracker.Bead object at 0x000002EBC06A9D30>	2.0	138	1886	1886	1	False	168.0	M450	M450	1886
187.926	306.829	0	7034.968	<BeadTracker.Bead object at 0x000002EBC45C1460>	3.0	138	1887	1887	1	True	168.0	M450	M450	1887
187.985	306.94	12	5598.375	<BeadTracker.Bead object at 0x000002EBC45C1B50>	0.0	0	1888	1888	1	True	208.0	M450	M450	1888
188.095	306.764	12	4715.74	<BeadTracker.Bead object at 0x000002EBC45BD280>	0.0	0	1889	1889	1	True	248.0	M450	M450	1889
188.159	306.751	12	4466.509	<BeadTracker.Bead object at 0x000002EBC45BD970>	0.0	0	1890	1890	1	True	288.0	M450	M450	1890
188.217	306.812	12	4326.078	<BeadTracker.Bead object at 0x000002EBC45BDFA0>	0.0	0	1891	1891	1	True	328.0	M450	M450	1891
188.136	306.695	12	4339.615	<BeadTracker.Bead object at 0x000002EBC45BC790>	0.0	0	1892	1892	1	True	328.0	M450	M450	1892
188.157	306.8	12	4344.923	<BeadTracker.Bead object at 0x000002EBC45BCE80>	0.0	0	1893	1893	1	True	327.0	M450	M450	1893
188.143	306.842	12	4371.097	<BeadTracker.Bead object at 0x000002EBC45BF5B0>	0.0	0	1894	1894	1	True	326.0	M450	M450	1894
188.195	306.837	12	4330.708	<BeadTracker.Bead object at 0x000002EBC45BFCA0>	0.0	0	1895	1895	1	True	327.0	M450	M450	1895
188.158	307.125	12	4424.881	<BeadTracker.Bead object at 0x000002EBC45A53D0>	0.0	0	1896	1896	1	True	324.0	M450	M450	1896
188.091	306.899	12	4443.639	<BeadTracker.Bead object at 0x000002EBC45A5AC0>	0.0	0	1897	1897	1	True	323.0	M450	M450	1897
188.068	306.847	12	4429.159	<BeadTracker.Bead object at 0x000002EBC45A61F0>	0.0	0	1898	1898	1	True	325.0	M450	M450	1898
188.1	306.917	12	4386.392	<BeadTracker.Bead object at 0x000002EBC45A68E0>	0.0	0	1899	1899	1	True	325.0	M450	M450	1899
188.042	306.804	12	4445.294	<BeadTracker.Bead object at 0x000002EBC45A6FD0>	0.0	0	1900	1900	1	True	324.0	M450	M450	1900
187.988	306.924	12	4467.158	<BeadTracker.Bead object at 0x000002EBC0398700>	0.0	0	1901	1901	1	True	323.0	M450	M450	1901
187.983	307.086	12	4472.531	<BeadTracker.Bead object at 0x000002EBC0398DF0>	0.0	0	1902	1902	1	True	322.0	M450	M450	1902
187.942	307.071	12	4492.845	<BeadTracker.Bead object at 0x000002EBC0384520>	0.0	0	1903	1903	1	True	322.0	M450	M450	1903
187.899	307.085	12	4485.081	<BeadTracker.Bead object at 0x000002EBC0384C10>	0.0	0	1904	1904	1	True	322.0	M450	M450	1904
187.967	307.036	12	4477.874	<BeadTracker.Bead object at 0x000002EBC0376340>	0.0	0	1905	1905	1	True	323.0	M450	M450	1905
187.98	307.032	12	4484.756	<BeadTracker.Bead object at 0x000002EBC0376A30>	0.0	0	1906	1906	1	True	323.0	M450	M450	1906
187.964	306.964	12	4469.77	<BeadTracker.Bead object at 0x000002EBC03A1C40>	0.0	0	1907	1907	1	True	323.0	M450	M450	1907
187.931	307.132	12	4573.842	<BeadTracker.Bead object at 0x000002EBC03A13A0>	0.0	0	1908	1908	1	True	321.0	M450	M450	1908
187.865	307.234	12	4593.507	<BeadTracker.Bead object at 0x000002EBC03A1820>	0.0	0	1909	1909	1	True	320.0	M450	M450	1909
187.889	307.21	12	4577.105	<BeadTracker.Bead object at 0x000002EBC03AC670>	0.0	0	1910	1910	1	True	320.0	M450	M450	1910
187.92	307.188	12	4573.874	<BeadTracker.Bead object at 0x000002EBC03ACD60>	0.0	0	1911	1911	1	True	320.0	M450	M450	1911
187.892	307.322	12	4590.812	<BeadTracker.Bead object at 0x000002EBC0394490>	0.0	0	1912	1912	1	True	319.0	M450	M450	1912
187.89	307.331	12	4571.486	<BeadTracker.Bead object at 0x000002EBC0394B80>	0.0	0	1913	1913	1	True	320.0	M450	M450	1913
187.876	307.375	12	4590.452	<BeadTracker.Bead object at 0x000002EBC03712B0>	0.0	0	1914	1914	1	True	320.0	M450	M450	1914
187.897	307.441	12	4605.422	<BeadTracker.Bead object at 0x000002EBC03719A0>	0.0	0	1915	1915	1	True	319.0	M450	M450	1915
187.849	307.349	12	4658.435	<BeadTracker.Bead object at 0x000002EBC0371FD0>	0.0	0	1916	1916	1	True	319.0	M450	M450	1916
187.878	307.438	12	4650.137	<BeadTracker.Bead object at 0x000002EBC8DFC7C0>	0.0	0	1917	1917	1	True	319.0	M450	M450	1917
187.878	307.431	12	4635.627	<BeadTracker.Bead object at 0x000002EBC8DFCEB0>	0.0	0	1918	1918	1	True	320.0	M450	M450	1918
187.881	307.609	12	4659.977	<BeadTracker.Bead object at 0x000002EBC8DE75E0>	0.0	0	1919	1919	1	True	323.0	M450	M450	1919
187.821	307.587	12	4681.633	<BeadTracker.Bead object at 0x000002EBC8DE7CD0>	0.0	0	1920	1920	1	True	322.0	M450	M450	1920
187.757	307.724	12	4663.271	<BeadTracker.Bead object at 0x000002EBC8E11400>	0.0	0	1921	1921	1	True	322.0	M450	M450	1921
187.696	307.735	12	4701.601	<BeadTracker.Bead object at 0x000002EBC8E11AF0>	0.0	0	1922	1922	1	True	321.0	M450	M450	1922
187.712	307.833	12	4645.611	<BeadTracker.Bead object at 0x000002EBC8E10220>	0.0	0	1923	1923	1	True	323.0	M450	M450	1923
187.668	307.925	12	4722.453	<BeadTracker.Bead object at 0x000002EBC8E10910>	0.0	0	1924	1924	1	True	321.0	M450	M450	1924
187.63	307.854	12	4654.351	<BeadTracker.Bead object at 0x000002EBC8E10F40>	0.0	0	1925	1925	1	True	323.0	M450	M450	1925
187.596	308.037	12	4707.972	<BeadTracker.Bead object at 0x000002EBC8E0F730>	0.0	0	1926	1926	1	True	321.0	M450	M450	1926
187.479	308.026	12	4725.477	<BeadTracker.Bead object at 0x000002EBC8E0FE20>	0.0	0	1927	1927	1	True	321.0	M450	M450	1927
187.494	307.867	12	4747.561	<BeadTracker.Bead object at 0x000002EBC8DFD550>	0.0	0	1928	1928	1	True	322.0	M450	M450	1928
187.418	307.954	12	4759.236	<BeadTracker.Bead object at 0x000002EBC8DFDC40>	0.0	0	1929	1929	1	True	321.0	M450	M450	1929
187.371	308.128	12	4752.196	<BeadTracker.Bead object at 0x000002EBC08A9370>	0.0	0	1930	1930	1	True	320.0	M450	M450	1930
187.347	308.073	12	4781.416	<BeadTracker.Bead object at 0x000002EBC08A9A60>	0.0	0	1931	1931	1	True	320.0	M450	M450	1931
187.265	308.063	12	4803.049	<BeadTracker.Bead object at 0x000002EBC0887190>	0.0	0	1932	1932	1	True	320.0	M450	M450	1932
187.182	308.02	12	4834.009	<BeadTracker.Bead object at 0x000002EBC0887880>	0.0	0	1933	1933	1	True	319.0	M450	M450	1933
187.076	308.023	12	4910.564	<BeadTracker.Bead object at 0x000002EBC0887F70>	0.0	0	1934	1934	1	True	318.0	M450	M450	1934
187.104	308.282	12	4843.188	<BeadTracker.Bead object at 0x000002EBC08816A0>	0.0	0	1935	1935	1	True	319.0	M450	M450	1935
187.064	308.133	12	4891.316	<BeadTracker.Bead object at 0x000002EBC0881D90>	0.0	0	1936	1936	1	True	319.0	M450	M450	1936
187.024	308.11	12	4910.949	<BeadTracker.Bead object at 0x000002EBC08AA4C0>	0.0	0	1937	1937	1	True	318.0	M450	M450	1937
186.961	308.068	12	4987.328	<BeadTracker.Bead object at 0x000002EBC08AABB0>	0.0	0	1938	1938	1	True	317.0	M450	M450	1938
186.89	308.01	12	5038.12	<BeadTracker.Bead object at 0x000002EBC08822E0>	0.0	0	1939	1939	1	True	316.0	M450	M450	1939
186.833	308.03	12	5022.463	<BeadTracker.Bead object at 0x000002EBC08829D0>	0.0	0	1940	1940	1	True	316.0	M450	M450	1940
186.8	307.992	12	5047.67	<BeadTracker.Bead object at 0x000002EBC08AB100>	0.0	0	1941	1941	1	True	317.0	M450	M450	1941
186.778	308.059	12	5048.673	<BeadTracker.Bead object at 0x000002EBC08AB7F0>	0.0	0	1942	1942	1	True	316.0	M450	M450	1942
186.723	307.946	12	5108.591	<BeadTracker.Bead object at 0x000002EBC08ABEE0>	0.0	0	1943	1943	1	True	316.0	M450	M450	1943
186.638	307.993	12	5119.464	<BeadTracker.Bead object at 0x000002EBC088F610>	0.0	0	1944	1944	1	True	315.0	M450	M450	1944
186.593	307.776	12	5123.726	<BeadTracker.Bead object at 0x000002EBC088FD00>	0.0	0	1945	1945	1	True	316.0	M450	M450	1945
186.547	307.74	12	5181.779	<BeadTracker.Bead object at 0x000002EBC4AA4430>	0.0	0	1946	1946	1	True	314.0	M450	M450	1946
186.521	307.65	12	5130.881	<BeadTracker.Bead object at 0x000002EBC4AA4B20>	0.0	0	1947	1947	1	True	315.0	M450	M450	1947
186.475	307.595	12	5185.736	<BeadTracker.Bead object at 0x000002EBC4AAC250>	0.0	0	1948	1948	1	True	314.0	M450	M450	1948
186.413	307.5	12	5251.252	<BeadTracker.Bead object at 0x000002EBC4AAC940>	0.0	0	1949	1949	1	True	313.0	M450	M450	1949
186.392	307.438	12	5257.804	<BeadTracker.Bead object at 0x000002EBC4AACF70>	0.0	0	1950	1950	1	True	312.0	M450	M450	1950
186.308	307.38	12	5316.641	<BeadTracker.Bead object at 0x000002EBC4AB5760>	0.0	0	1951	1951	1	True	311.0	M450	M450	1951
186.312	307.304	12	5325.97	<BeadTracker.Bead object at 0x000002EBC4AB5E50>	0.0	0	1952	1952	1	True	310.0	M450	M450	1952
186.303	307.228	12	5361.411	<BeadTracker.Bead object at 0x000002EBC4A9A580>	0.0	0	1953	1953	1	True	309.0	M450	M450	1953
186.208	307.153	12	5394.313	<BeadTracker.Bead object at 0x000002EBC4A9AC70>	0.0	0	1954	1954	1	True	308.0	M450	M450	1954
186.166	307.266	12	5337.79	<BeadTracker.Bead object at 0x000002EBC4ABB3A0>	0.0	0	1955	1955	1	True	310.0	M450	M450	1955
186.123	307.419	12	5366.725	<BeadTracker.Bead object at 0x000002EBC4ABBAC0>	0.0	0	1956	1956	1	True	310.0	M450	M450	1956
186.17	307.553	12	5304.292	<BeadTracker.Bead object at 0x000002EBC4AB61F0>	0.0	0	1957	1957	1	True	312.0	M450	M450	1957
186.166	307.586	12	5295.469	<BeadTracker.Bead object at 0x000002EBC4AB68E0>	0.0	0	1958	1958	1	True	312.0	M450	M450	1958
186.207	307.748	12	5249.34	<BeadTracker.Bead object at 0x000002EBC4AB6FD0>	0.0	0	1959	1959	1	True	312.0	M450	M450	1959
186.188	307.79	12	5234.65	<BeadTracker.Bead object at 0x000002EBC4AA5700>	0.0	0	1960	1960	1	True	312.0	M450	M450	1960
186.182	307.855	12	5206.586	<BeadTracker.Bead object at 0x000002EBC4AA5DF0>	0.0	0	1961	1961	1	True	313.0	M450	M450	1961
186.188	307.942	12	5182.493	<BeadTracker.Bead object at 0x000002EBC7A84520>	0.0	0	1962	1962	1	True	312.0	M450	M450	1962
186.215	308.096	12	5170.007	<BeadTracker.Bead object at 0x000002EBC7A84C10>	0.0	0	1963	1963	1	True	313.0	M450	M450	1963
186.231	308.236	12	5164.835	<BeadTracker.Bead object at 0x000002EBC7A80340>	0.0	0	1964	1964	1	True	313.0	M450	M450	1964
186.23	308.109	12	5147.726	<BeadTracker.Bead object at 0x000002EBC7A80A30>	0.0	0	1965	1965	1	True	314.0	M450	M450	1965
186.253	308.179	12	5099.271	<BeadTracker.Bead object at 0x000002EBC7A7C160>	0.0	0	1966	1966	1	True	314.0	M450	M450	1966
186.204	308.213	12	5085.788	<BeadTracker.Bead object at 0x000002EBC7A7C850>	0.0	0	1967	1967	1	True	314.0	M450	M450	1967
186.259	308.271	12	5052.152	<BeadTracker.Bead object at 0x000002EBC7A7CF40>	0.0	0	1968	1968	1	True	315.0	M450	M450	1968
186.269	308.303	12	5027.97	<BeadTracker.Bead object at 0x000002EBC7A70670>	0.0	0	1969	1969	1	True	315.0	M450	M450	1969
186.298	308.271	12	5013.945	<BeadTracker.Bead object at 0x000002EBC7A70D60>	0.0	0	1970	1970	1	True	315.0	M450	M450	1970
186.313	308.328	12	5006.728	<BeadTracker.Bead object at 0x000002EBC7A6B490>	0.0	0	1971	1971	1	True	316.0	M450	M450	1971
186.337	308.332	12	4997.537	<BeadTracker.Bead object at 0x000002EBC7A6BB80>	0.0	0	1972	1972	1	True	316.0	M450	M450	1972
186.323	308.38	12	5005.37	<BeadTracker.Bead object at 0x000002EBC7A592B0>	0.0	0	1973	1973	1	True	315.0	M450	M450	1973
186.363	308.426	12	4949.53	<BeadTracker.Bead object at 0x000002EBC7A599A0>	0.0	0	1974	1974	1	True	317.0	M450	M450	1974
186.397	308.486	12	4910.658	<BeadTracker.Bead object at 0x000002EBC7A59FD0>	0.0	0	1975	1975	1	True	317.0	M450	M450	1975
186.421	308.411	12	4920.293	<BeadTracker.Bead object at 0x000002EBC7A5B490>	0.0	0	1976	1976	1	True	317.0	M450	M450	1976
186.447	308.36	12	4943.403	<BeadTracker.Bead object at 0x000002EBC7A5B8E0>	0.0	0	1977	1977	1	True	317.0	M450	M450	1977
186.448	308.401	12	4956.456	<BeadTracker.Bead object at 0x000002EBC7D095E0>	0.0	0	1978	1978	1	True	316.0	M450	M450	1978
186.453	308.359	12	4868.532	<BeadTracker.Bead object at 0x000002EBC7D09CD0>	0.0	0	1979	1979	1	True	317.0	M450	M450	1979
186.52	308.398	12	4895.002	<BeadTracker.Bead object at 0x000002EBC7CDA400>	0.0	0	1980	1980	1	True	319.0	M450	M450	1980
186.534	308.378	12	4842.674	<BeadTracker.Bead object at 0x000002EBC7CDAAF0>	0.0	0	1981	1981	1	True	319.0	M450	M450	1981
186.542	308.337	12	4835.728	<BeadTracker.Bead object at 0x000002EBC7CD2220>	0.0	0	1982	1982	1	True	319.0	M450	M450	1982
186.587	308.182	12	4807.593	<BeadTracker.Bead object at 0x000002EBC7CD2910>	0.0	0	1983	1983	1	True	320.0	M450	M450	1983
186.646	308.187	12	4784.237	<BeadTracker.Bead object at 0x000002EBC7CD2F40>	0.0	0	1984	1984	1	True	320.0	M450	M450	1984
186.655	308.219	12	4716.089	<BeadTracker.Bead object at 0x000002EBC7D06730>	0.0	0	1985	1985	1	True	321.0	M450	M450	1985
186.725	308.117	12	4750.151	<BeadTracker.Bead object at 0x000002EBC7D06E20>	0.0	0	1986	1986	1	True	321.0	M450	M450	1986
186.805	308.165	12	4710.684	<BeadTracker.Bead object at 0x000002EBC7CED580>	0.0	0	1987	1987	1	True	321.0	M450	M450	1987
186.786	308.251	12	4737.107	<BeadTracker.Bead object at 0x000002EBC7CEDC70>	0.0	0	1988	1988	1	True	321.0	M450	M450	1988
186.749	308.201	12	4670.909	<BeadTracker.Bead object at 0x000002EBC7D053A0>	0.0	0	1989	1989	1	True	321.0	M450	M450	1989
186.802	308.245	12	4704.79	<BeadTracker.Bead object at 0x000002EBC7D05A90>	0.0	0	1990	1990	1	True	321.0	M450	M450	1990
186.809	308.105	12	4672.767	<BeadTracker.Bead object at 0x000002EBC04EA1C0>	0.0	0	1991	1991	1	True	321.0	M450	M450	1991
186.84	308.067	12	4652.751	<BeadTracker.Bead object at 0x000002EBC04EA8B0>	0.0	0	1992	1992	1	True	322.0	M450	M450	1992
186.909	308.055	12	4617.437	<BeadTracker.Bead object at 0x000002EBC04EAFA0>	0.0	0	1993	1993	1	True	323.0	M450	M450	1993
186.907	308.012	12	4600.348	<BeadTracker.Bead object at 0x000002EBC04B86D0>	0.0	0	1994	1994	1	True	323.0	M450	M450	1994
186.937	307.956	12	4577.149	<BeadTracker.Bead object at 0x000002EBC04B8DC0>	0.0	0	1995	1995	1	True	324.0	M450	M450	1995
186.92	308.008	12	4580.415	<BeadTracker.Bead object at 0x000002EBC04EC4F0>	0.0	0	1996	1996	1	True	323.0	M450	M450	1996
186.969	307.842	12	4565.993	<BeadTracker.Bead object at 0x000002EBC04ECBE0>	0.0	0	1997	1997	1	True	325.0	M450	M450	1997
186.983	307.837	12	4550.748	<BeadTracker.Bead object at 0x000002EBC04E7310>	0.0	0	1998	1998	1	True	326.0	M450	M450	1998
187.016	307.773	12	4481.887	<BeadTracker.Bead object at 0x000002EBC04E7A00>	0.0	0	1999	1999	1	True	328.0	M450	M450	1999
187.076	307.669	12	4422.768	<BeadTracker.Bead object at 0x000002EBC04B7130>	0.0	0	2000	2000	1	True	331.0	M450	M450	2000
187.084	307.614	12	4419.04	<BeadTracker.Bead object at 0x000002EBC04B7820>	0.0	0	2001	2001	1	True	330.0	M450	M450	2001
186.981	307.636	12	4460.747	<BeadTracker.Bead object at 0x000002EBC04B7F10>	0.0	0	2002	2002	1	True	329.0	M450	M450	2002
187.026	307.565	12	4462.589	<BeadTracker.Bead object at 0x000002EBC04C4640>	0.0	0	2003	2003	1	True	330.0	M450	M450	2003
187.073	307.59	12	4428.323	<BeadTracker.Bead object at 0x000002EBC04C4D30>	0.0	0	2004	2004	1	True	330.0	M450	M450	2004
187.14	307.625	12	4335.677	<BeadTracker.Bead object at 0x000002EBC04E2460>	0.0	0	2005	2005	1	True	333.0	M450	M450	2005
187.095	307.596	12	4388.597	<BeadTracker.Bead object at 0x000002EBC04E2B50>	0.0	0	2006	2006	1	True	332.0	M450	M450	2006
187.135	307.501	12	4349.788	<BeadTracker.Bead object at 0x000002EBC7D72280>	0.0	0	2007	2007	1	True	333.0	M450	M450	2007
187.095	307.499	12	4400.169	<BeadTracker.Bead object at 0x000002EBC7D72970>	0.0	0	2008	2008	1	True	327.0	M450	M450	2008
187.119	307.45	12	4405.921	<BeadTracker.Bead object at 0x000002EBC7D72FA0>	0.0	0	2009	2009	1	True	327.0	M450	M450	2009
187.193	307.323	12	4367.463	<BeadTracker.Bead object at 0x000002EBC7D88790>	0.0	0	2010	2010	1	True	328.0	M450	M450	2010
187.232	307.342	12	4286.733	<BeadTracker.Bead object at 0x000002EBC7D88E80>	0.0	0	2011	2011	1	True	332.0	M450	M450	2011
187.308	307.379	12	4302.064	<BeadTracker.Bead object at 0x000002EBC7D7B5B0>	0.0	0	2012	2012	1	True	331.0	M450	M450	2012
187.321	307.302	12	4294.119	<BeadTracker.Bead object at 0x000002EBC7D7BCA0>	0.0	0	2013	2013	1	True	332.0	M450	M450	2013
187.289	307.081	12	4317.727	<BeadTracker.Bead object at 0x000002EBC7D7A3D0>	0.0	0	2014	2014	1	True	331.0	M450	M450	2014
187.321	307.208	12	4288.913	<BeadTracker.Bead object at 0x000002EBC7D7AAC0>	0.0	0	2015	2015	1	True	332.0	M450	M450	2015
187.347	307.11	12	4299.591	<BeadTracker.Bead object at 0x000002EBC7D871F0>	0.0	0	2016	2016	1	True	333.0	M450	M450	2016
187.46	307.189	12	4224.161	<BeadTracker.Bead object at 0x000002EBC7D878E0>	0.0	0	2017	2017	1	True	334.0	M450	M450	2017
187.424	307.081	12	4265.54	<BeadTracker.Bead object at 0x000002EBC7D87FD0>	0.0	0	2018	2018	1	True	334.0	M450	M450	2018
187.442	307.02	12	4283.19	<BeadTracker.Bead object at 0x000002EBC7D8C700>	0.0	0	2019	2019	1	True	333.0	M450	M450	2019
187.41	306.961	12	4310.338	<BeadTracker.Bead object at 0x000002EBC7D8CDF0>	0.0	0	2020	2020	1	True	333.0	M450	M450	2020
187.206	307.423	0	2550.661	<BeadTracker.Bead object at 0x000002EBC7D59520>	1.0	139	2021	2021	1	False	332.0	M450	M450	2021
187.155	307.24	0	4330.517	<BeadTracker.Bead object at 0x000002EBC7D59C10>	2.0	139	2022	2022	1	False	332.0	M450	M450	2022
187.175	307.06	0	7103.627	<BeadTracker.Bead object at 0x000002EBC2635B50>	3.0	139	2023	2023	1	True	332.0	M450	M450	2023
187.16	307.213	0	2543.849	<BeadTracker.Bead object at 0x000002EBC26355B0>	1.0	140	2024	2024	1	False	331.0	M450	M450	2024
187.245	307.0	0	4369.719	<BeadTracker.Bead object at 0x000002EBC264E160>	2.0	140	2025	2025	1	False	331.0	M450	M450	2025
187.128	307.095	0	7066.246	<BeadTracker.Bead object at 0x000002EBC264E850>	3.0	140	2026	2026	1	True	331.0	M450	M450	2026
187.069	307.326	0	2556.501	<BeadTracker.Bead object at 0x000002EBC264EF40>	1.0	141	2027	2027	1	False	331.0	M450	M450	2027
187.291	307.291	0	4340.914	<BeadTracker.Bead object at 0x000002EBC263B670>	2.0	141	2028	2028	1	False	331.0	M450	M450	2028
187.036	307.19	0	7098.391	<BeadTracker.Bead object at 0x000002EBC263BD60>	3.0	141	2029	2029	1	True	331.0	M450	M450	2029
187.267	307.346	0	2585.335	<BeadTracker.Bead object at 0x000002EBC2632490>	1.0	142	2030	2030	1	False	331.0	M450	M450	2030
187.408	307.391	0	4303.476	<BeadTracker.Bead object at 0x000002EBC2632B80>	2.0	142	2031	2031	1	False	331.0	M450	M450	2031
187.166	307.483	0	7003.217	<BeadTracker.Bead object at 0x000002EBC26442B0>	3.0	142	2032	2032	1	True	331.0	M450	M450	2032
187.271	307.344	0	2528.309	<BeadTracker.Bead object at 0x000002EBC26449A0>	1.0	143	2033	2033	1	False	330.0	M450	M450	2033
187.213	307.374	0	4297.064	<BeadTracker.Bead object at 0x000002EBC2644FD0>	2.0	143	2034	2034	1	False	330.0	M450	M450	2034
187.029	307.217	0	7045.186	<BeadTracker.Bead object at 0x000002EBC264FA60>	3.0	143	2035	2035	1	True	330.0	M450	M450	2035
187.235	307.375	0	2551.697	<BeadTracker.Bead object at 0x000002EBC264F3A0>	1.0	144	2036	2036	1	False	328.0	M450	M450	2036
187.085	307.409	0	4338.78	<BeadTracker.Bead object at 0x000002EBC26295E0>	2.0	144	2037	2037	1	False	328.0	M450	M450	2037
187.126	307.256	0	7082.092	<BeadTracker.Bead object at 0x000002EBC2629CD0>	3.0	144	2038	2038	1	True	328.0	M450	M450	2038
